41,119,208,367,379
210,304,342,367,371
40,210,211,309,367
62,139,304,367,372
74,210,304,379,384
40,137,251,283,367
77,139,210,211,367
139,177,302,367,372
304,367,374,379,384
177,302,304,367,374
74,177,211,309,384
280,304,351,371,384
62,232,243,268,377
175,211,309,318,371
119,177,304,342,372
126,173,304,318,367
124,211,280,296,370
92,130,251,302,367
18,116,203,223,288
40,210,211,302,367
175,374,378,379,384
92,127,304,371,379
62,208,243,318,367
126,231,243,304,318
40,97,210,211,378
309,367,371,372,379
211,309,367,371,379
41,102,113,367,379
18,39,208,280,372
41,302,309,367,379
177,304,309,372,380
12,130,188,259,309
62,211,302,367,384
177,211,296,367,371
22,203,210,304,372
177,304,372,374,384
210,211,302,309,367
155,208,255,367,379
175,226,371,374,385
119,132,136,372,380
74,177,225,367,374
210,276,304,372,384
119,177,304,367,371
127,251,280,301,374
139,211,318,367,372
211,302,309,318,367
177,231,304,367,374
39,126,139,226,367
72,211,234,374,379
62,211,372,379,384
2,6,12,63,72
13,40,62,371,372
62,211,371,380,384
175,211,367,379,384
153,304,367,372,379
210,211,309,367,377
2,18,211,280,374
53,173,208,239,309
53,208,302,372,380
148,170,309,373,378
144,239,251,280,367
210,231,304,318,367
41,208,302,374,379
41,102,138,139,239
53,126,211,367,380
243,251,304,309,371
166,210,237,304,371
119,139,148,309,367
93,132,280,367,371
41,62,139,280,304
139,210,211,302,367
62,211,367,372,377
126,177,225,376,384
119,139,148,302,367
227,309,367,372,380
107,302,304,374,384
81,211,302,318,372
40,175,371,372,379
119,148,342,367,384
211,309,318,371,372
77,210,211,367,372
148,304,351,367,372
119,177,211,367,372
119,210,304,367,371
92,177,237,243,296
211,227,349,373,379
182,211,367,377,379
14,18,175,225,371
62,304,367,371,372
225,280,293,309,367
211,280,367,374,384
105,119,239,243,342
189,210,309,338,367
2,231,347,367,372
85,211,291,349,373
251,329,367,371,374
53,302,304,309,318
139,173,210,274,351
210,280,302,304,367
39,62,155,304,318
211,227,251,367,378
210,243,304,367,374
225,227,302,349,374
41,304,367,378,379
211,367,372,379,384
40,77,210,211,302
17,62,177,213,296
86,119,175,226,379
177,211,231,296,371
40,280,302,304,372
127,226,304,374,379
40,210,243,304,367
210,226,309,367,372
41,227,251,367,371
139,177,304,309,372
92,208,210,296,318
139,234,304,323,371
175,211,243,318,374
119,177,304,309,372
62,148,253,333,374
77,127,252,318,374
177,189,211,296,302
173,237,243,302,359
139,210,211,309,367
29,302,318,342,385
208,239,374,378,379
119,177,342,367,372
40,221,231,237,304
107,182,211,251,371
41,210,280,304,374
40,211,302,367,372
2,27,105,216,374
77,127,210,243,309
18,62,208,302,318
119,175,304,318,371
202,304,309,318,372
62,211,243,367,384
107,304,372,374,377
41,211,359,374,385
92,119,177,237,296
2,40,55,74,77
119,177,231,304,371
53,67,304,342,367
119,210,226,251,376
117,131,136,175,371
304,309,367,372,380
125,131,237,297,311
92,98,175,237,302
77,210,304,309,374
12,72,130,259,309
62,232,259,371,380
119,177,309,367,371
177,304,309,372,384
127,231,280,304,374
41,119,280,309,367
107,126,304,367,371
62,177,231,309,367
119,226,302,372,374
29,225,349,367,372
177,211,309,367,372
77,208,296,370,384
148,181,227,304,367
119,139,148,342,367
139,177,225,367,374
127,175,251,374,379
82,139,155,214,316
2,127,208,231,318
74,280,304,309,374
233,304,367,371,379
126,131,304,367,371
77,210,211,302,374
210,211,302,309,318
53,126,139,211,302
119,139,210,302,309
6,14,18,139,367
148,181,280,304,374
119,148,225,342,372
127,132,280,318,372
2,211,227,251,309
139,202,211,251,378
62,280,304,372,384
119,148,225,342,367
51,115,225,349,367
175,211,268,318,367
280,304,309,318,372
210,211,302,309,379
93,132,280,371,372
41,302,304,374,379
77,210,211,309,367
53,177,302,318,367
132,139,302,309,370
107,239,304,309,371
177,304,312,346,378
29,243,351,367,372
177,304,309,371,372
139,302,318,361,372
304,318,367,371,374
153,304,318,371,377
148,159,302,367,374
304,371,374,377,379
53,126,215,309,367
15,177,189,231,300
164,210,304,309,371
77,155,239,251,367
119,177,225,367,384
118,139,140,226,228
126,177,211,304,371
29,226,302,372,380
107,302,304,367,374
177,304,309,367,371
62,210,211,367,372
166,172,202,269,328
92,210,302,367,372
41,62,211,302,367
74,127,243,251,342
40,304,371,372,380
119,139,148,225,367
119,148,304,342,372
119,139,148,367,379
41,123,304,361,374
40,210,211,296,367
41,119,211,309,372
139,211,302,318,342
148,181,227,304,374
62,304,309,372,380
107,127,181,302,374
107,211,251,309,384
107,127,182,280,374
119,177,225,372,374
8,77,309,367,377
130,189,211,367,372
2,72,211,302,374
210,239,304,371,384
177,304,349,371,373
2,14,18,302,374
62,226,243,268,377
137,304,309,318,371
177,304,309,367,384
177,211,309,318,367
115,304,309,367,371
119,177,304,367,372
250,251,302,318,374
130,189,211,328,379
304,374,378,379,384
68,97,175,280,349
251,309,371,374,384
107,182,302,304,374
139,211,231,320,384
119,139,177,304,367
40,65,282,311,372
62,133,211,380,384
280,304,351,367,371
257,367,372,379,380
62,139,226,367,384
62,208,280,309,367
318,349,373,374,384
119,304,318,367,372
210,302,304,367,372
119,210,226,309,371
115,210,225,309,367
164,192,193,203,364
119,177,225,349,371
63,190,211,280,367
210,211,304,367,380
41,139,304,309,367
74,93,132,280,367
127,280,302,304,374
54,119,211,318,342
119,139,148,367,378
62,211,318,361,371
40,251,362,371,384
1,5,12,19,210
14,18,304,372,375
227,231,304,367,380
41,280,304,374,377
41,98,208,309,367
41,126,280,367,372
126,148,181,280,304
160,208,243,318,379
127,177,214,248,291
53,126,309,367,371
210,211,309,367,384
92,107,302,304,374
210,302,367,372,384
126,139,202,304,367
39,211,251,372,374
108,127,243,367,380
210,302,304,367,374
175,226,367,374,385
119,189,302,367,372
62,243,304,318,371
92,119,243,367,384
2,131,243,309,342
211,231,309,372,379
119,139,148,304,367
97,139,280,302,304
8,92,231,280,367
62,208,367,372,379
40,211,239,243,379
126,231,243,304,384
62,65,257,374,378
126,177,304,367,371
14,18,139,208,285
62,210,211,367,371
210,304,309,318,374
12,65,342,347,367
148,181,302,309,373
29,74,225,304,318
41,210,211,312,367
139,302,304,309,367
74,132,243,288,384
80,131,188,244,308
208,210,211,309,367
232,251,371,372,384
177,211,299,351,384
74,127,367,374,380
39,159,164,177,380
41,304,309,318,372
41,304,367,372,377
139,177,227,304,374
62,119,226,374,380
53,304,342,379,384
126,177,304,370,371
18,210,304,342,371
251,302,309,367,372
231,333,367,370,379
40,181,265,280,302
139,177,304,342,372
13,91,298,355,376
6,208,257,372,379
64,77,211,309,367
92,302,304,367,380
139,231,251,296,367
71,280,304,348,378
22,89,115,367,374
77,210,309,318,372
153,304,367,374,379
62,211,227,367,372
177,302,304,309,367
107,182,226,302,374
127,302,304,318,374
175,226,367,374,380
92,153,304,367,379
74,119,127,251,309
18,251,372,379,384
2,188,304,309,318
119,177,208,367,372
175,189,211,251,373
12,72,81,309,347
41,304,309,367,379
119,156,210,364,367
119,302,304,332,342
51,115,139,148,309
175,225,318,374,379
115,118,139,263,349
64,155,310,371,379
126,210,226,367,371
211,309,374,379,380
86,119,177,309,372
40,53,211,367,371
62,119,226,318,372
12,118,157,188,309
92,210,211,302,331
62,138,210,211,215
139,210,302,309,367
119,126,127,208,379
119,139,211,309,367
92,107,226,227,232
74,107,126,182,304
92,280,304,371,384
109,211,302,367,379
210,211,280,309,367
148,304,309,367,371
64,127,173,251,255
93,132,301,372,379
2,126,221,304,318
92,224,243,310,318
272,309,318,371,374
16,92,181,243,318
105,113,239,243,342
25,38,57,63,67
210,211,342,373,378
119,139,148,227,367
119,227,370,372,380
74,155,318,372,375
107,296,304,379,384
175,251,304,309,367
62,74,208,280,309
119,211,280,367,372
177,304,351,371,377
127,226,280,342,371
139,227,304,318,372
210,304,309,367,372
107,135,153,257,374
139,210,211,231,367
139,208,309,372,379
181,189,304,367,371
72,127,302,304,309
7,10,26,67,77
40,72,318,367,371
92,304,309,318,367
210,211,276,302,367
226,280,302,342,377
166,225,268,318,373
53,302,318,367,374
29,304,318,372,374
18,98,245,300,384
166,234,302,304,367
40,211,318,372,384
130,189,211,302,367
53,139,211,318,372
107,124,212,367,374
62,211,215,243,367
98,309,318,342,371
108,210,309,367,372
148,226,367,372,384
131,139,208,226,309
7,132,189,367,371
237,304,371,374,377
211,309,318,375,380
177,208,243,309,367
177,304,367,374,384
18,139,297,309,367
166,239,280,304,371
46,47,56,69,71
166,189,192,304,371
169,189,302,367,372
62,304,372,379,384
18,32,132,181,280
44,72,221,237,304
119,148,181,243,374
210,211,302,374,384
24,83,89,326,368
119,177,304,342,367
41,177,208,211,243
174,208,318,367,371
119,302,367,374,379
243,304,371,374,379
237,304,309,372,384
210,226,367,370,371
153,280,304,367,372
190,210,231,302,304
126,139,211,367,371
139,177,302,309,372
62,127,231,379,385
119,177,304,309,367
107,126,211,367,371
127,175,318,349,373
97,189,211,218,251
41,81,97,98,330
139,210,304,367,372
12,130,188,309,363
119,139,148,367,384
148,181,243,374,385
126,210,302,309,367
53,139,173,309,367
62,210,211,302,367
2,6,12,72,97
62,210,211,318,371
210,302,304,309,318
239,251,302,304,367
137,226,231,329,371
98,153,304,318,374
127,175,276,374,379
107,210,217,239,367
139,177,304,367,371
211,276,302,309,367
41,211,309,372,380
211,309,367,372,380
139,211,281,302,309
40,62,119,208,380
192,195,197,347,363
119,177,211,296,377
97,107,304,371,374
202,304,351,372,384
86,211,280,296,318
177,211,309,379,384
40,107,287,309,372
119,211,280,296,367
62,211,318,367,372
208,211,367,372,379
12,36,237,294,377
175,302,318,367,372
203,211,251,367,378
40,208,372,379,384
74,302,304,318,367
177,302,309,318,374
119,283,318,373,384
97,215,304,374,380
22,63,97,192,225
39,133,139,226,318
41,62,119,304,372
62,139,231,367,372
137,284,304,371,377
18,157,220,260,283
152,351,367,372,384
304,318,367,371,372
109,239,342,373,385
77,175,182,208,384
39,48,231,310,324
208,234,243,318,367
125,131,231,307,308
210,226,302,367,374
177,211,280,342,367
23,65,158,339,381
148,181,208,367,374
119,208,304,378,384
148,302,309,318,367
45,137,243,302,309
96,118,175,367,371
189,231,304,367,377
119,210,318,349,373
173,210,211,221,269
208,231,251,309,367
18,28,35,59,68
97,115,120,279,367
62,131,243,342,367
72,77,130,166,309
98,157,223,251,371
139,148,181,227,374
119,175,318,342,367
119,139,148,255,367
18,210,302,367,377
62,232,280,304,375
77,92,107,182,302
119,148,159,258,342
175,211,309,371,379
74,132,136,280,367
182,231,309,318,371
107,148,253,333,372
211,251,304,374,379
214,231,309,349,367
74,107,119,304,384
92,119,148,304,367
115,225,349,371,384
208,210,251,304,372
105,175,226,376,384
62,318,367,371,376
62,211,227,318,349
148,276,304,309,367
304,309,367,371,372
62,139,211,302,379
175,211,318,371,379
131,291,302,304,318
49,77,151,166,219
119,177,225,302,318
119,148,304,367,371
2,119,304,318,374
8,253,302,371,379
137,148,226,367,371
151,211,302,309,372
132,136,280,372,384
119,166,264,318,373
37,49,126,304,309
211,243,251,378,384
127,278,287,338,379
126,177,211,367,371
107,182,211,318,372
92,210,304,367,379
41,304,372,374,379
74,284,331,367,374
107,243,304,309,371
2,189,304,367,371
104,302,309,367,372
177,304,309,371,380
6,46,268,338,347
51,183,294,304,367
107,115,193,231,289
177,280,296,351,372
29,77,177,372,378
74,155,177,226,375
177,280,302,304,374
302,333,351,372,379
199,226,318,342,379
132,139,180,246,378
127,318,371,374,384
151,250,302,309,367
132,243,251,302,318
189,210,211,302,367
17,175,225,255,379
124,130,309,367,384
62,119,208,239,367
226,232,258,318,356
151,207,237,302,342
36,208,280,367,371
149,173,175,367,380
96,210,269,304,351
119,139,148,318,342
211,296,349,367,373
119,211,237,367,372
12,16,40,72,74
12,175,320,371,384
127,177,251,304,371
125,183,184,298,325
18,66,210,224,367
277,296,298,302,367
62,139,304,372,384
119,211,243,374,379
132,304,309,371,379
177,304,309,318,371
41,119,304,309,372
107,182,304,371,374
208,210,280,367,372
45,63,97,281,344
63,210,219,370,372
231,304,318,367,372
175,243,309,372,379
23,55,62,367,380
77,131,243,304,371
139,304,309,367,372
36,213,217,318,371
139,177,297,367,377
66,77,89,107,177
96,107,231,296,374
5,12,304,367,371
6,44,72,175,259
132,136,280,367,371
127,239,276,302,374
139,210,211,302,372
119,177,225,373,374
62,211,296,367,372
97,139,166,223,372
40,77,98,210,296
36,72,77,211,251
98,226,231,318,367
109,131,239,347,367
177,225,342,372,377
184,203,288,291,308
126,210,304,318,371
62,119,181,304,367
53,231,306,318,367
62,105,139,173,384
40,43,298,304,309
175,243,318,367,374
175,318,347,374,378
210,243,304,309,318
122,132,230,298,376
30,34,37,60,77
108,139,304,367,374
72,210,251,309,367
160,211,243,318,374
211,251,302,309,367
124,189,304,375,380
2,6,318,326,386
177,304,371,374,379
40,137,276,318,367
139,210,211,372,374
148,227,304,367,374
202,211,302,318,374
203,302,304,374,379
62,74,151,211,367
175,234,372,374,379
304,309,367,375,379
211,239,309,318,367
2,6,13,27,50
40,137,168,304,318
18,302,363,372,384
18,62,302,367,380
166,175,280,318,350
74,119,139,304,309
126,211,237,349,373
108,148,231,304,371
137,139,146,172,198
177,199,342,371,379
177,208,351,367,372
127,243,302,374,379
109,208,301,312,318
211,280,297,372,384
139,251,309,367,371
42,56,118,279,294
40,177,211,371,372
177,182,231,243,309
210,309,310,367,371
119,239,304,367,371
92,130,226,318,371
211,280,342,367,371
119,139,367,374,379
62,107,304,371,375
127,215,243,304,374
77,92,139,210,367
139,151,309,318,372
124,252,291,304,349
62,74,182,215,342
39,132,181,280,371
74,123,304,349,373
74,98,302,380,384
126,280,367,372,377
107,132,182,304,371
40,41,304,367,372
309,350,363,367,372
90,111,132,257,371
139,177,227,346,370
72,148,297,309,367
92,177,296,304,371
41,119,304,309,371
105,137,169,202,384
119,177,304,342,371
77,208,284,374,379
40,107,190,243,367
74,172,228,280,374
139,177,342,367,372
53,367,372,377,379
71,231,266,296,328
139,177,208,302,367
67,92,148,181,380
18,126,210,239,304
41,92,239,372,377
74,226,239,297,380
40,210,211,239,371
221,226,309,367,377
39,93,132,304,309
2,124,304,309,379
210,302,304,318,342
139,211,302,309,367
13,39,117,127,371
41,280,304,367,371
210,302,304,309,367
127,243,251,374,379
177,304,309,367,372
41,126,211,302,367
210,304,367,371,372
92,211,296,318,371
204,210,211,301,367
40,180,182,239,302
126,208,251,296,318
126,182,211,280,371
175,226,349,371,379
177,208,210,318,367
139,210,231,304,379
62,194,280,291,384
119,211,251,302,309
81,94,334,366,372
175,211,251,309,367
208,237,239,309,377
18,41,119,227,354
177,211,296,367,372
18,28,45,231,365
202,211,296,318,374
126,177,304,318,371
39,62,226,312,374
40,148,302,367,372
173,177,211,309,367
119,177,211,302,312
41,210,304,371,374
119,126,177,227,304
60,181,318,378,384
311,338,371,372,374
9,15,107,243,309
232,252,302,309,318
139,148,296,309,318
21,296,342,371,375
13,346,359,371,379
119,302,342,367,384
62,119,211,257,318
18,175,226,251,374
193,304,371,374,379
177,304,371,374,384
210,280,309,371,372
139,175,309,367,371
92,234,280,302,304
148,166,367,371,377
177,296,304,309,371
81,157,243,325,353
137,175,210,309,342
226,231,280,304,374
177,296,304,372,374
40,210,259,329,371
126,208,367,372,379
251,276,349,367,371
211,243,318,377,379
126,177,304,371,372
62,139,211,371,372
210,243,304,367,372
119,148,175,189,373
208,280,309,367,371
63,77,210,226,302
226,304,309,367,371
62,211,302,371,372
225,237,367,372,379
119,210,309,318,384
148,239,302,309,367
177,304,349,367,371
231,304,309,318,372
29,211,309,372,379
119,243,309,367,384
40,211,257,367,372
92,182,255,371,379
211,367,372,377,380
41,62,107,356,371
92,119,304,371,379
119,139,148,208,367
62,211,318,371,377
62,73,185,301,304
139,148,239,309,367
182,210,304,367,371
98,153,304,372,374
175,211,309,372,384
33,175,304,367,379
40,131,280,367,375
133,148,208,239,371
119,132,231,371,380
119,155,367,371,379
77,137,162,238,287
303,304,309,367,382
62,97,231,318,377
132,231,372,374,380
225,296,349,371,379
210,251,258,372,374
119,126,280,367,372
208,280,302,309,367
2,131,132,309,342
41,51,367,374,379
210,251,302,309,367
62,177,310,367,371
2,39,87,234,269
177,243,304,371,374
211,239,302,349,373
202,251,252,309,376
208,211,280,309,372
26,136,226,280,302
12,74,137,280,363
74,127,280,304,374
41,53,62,77,377
309,311,318,329,330
137,199,269,317,364
304,342,367,371,384
169,227,239,318,377
13,77,221,306,324
41,92,119,237,367
2,132,243,309,341
119,175,226,291,318
175,226,349,373,379
119,211,342,356,379
18,41,92,304,379
92,177,304,371,384
211,251,367,371,379
18,175,231,243,367
62,139,367,372,374
177,231,304,367,375
341,353,363,371,378
92,119,177,239,371
304,309,367,371,380
77,231,257,375,379
92,208,210,367,371
210,304,309,367,371
119,208,342,371,379
139,177,211,309,367
74,119,173,208,367
40,62,211,372,379
119,202,318,367,374
2,304,310,342,367
72,131,243,309,367
175,226,318,371,374
132,210,231,243,367
28,157,188,297,311
94,131,189,367,372
182,206,304,367,384
127,182,302,374,380
126,139,210,309,367
175,211,367,371,377
40,92,302,367,370
62,304,367,371,384
77,98,177,232,372
173,221,302,309,384
119,139,155,302,374
40,53,92,131,370
119,130,283,296,379
177,302,304,309,372
72,127,208,374,379
17,33,45,67,214
2,92,302,367,379
40,139,208,309,372
1,12,19,210,309
62,211,318,367,380
62,81,151,177,297
123,139,231,283,367
226,309,357,371,379
64,310,318,371,379
119,139,177,211,372
13,64,107,328,367
13,126,280,304,371
126,210,304,367,371
177,208,304,367,372
12,175,341,347,367
41,177,309,367,371
115,214,243,312,328
44,77,208,368,384
58,177,208,268,384
181,304,367,371,374
177,208,351,367,378
210,302,304,318,374
210,302,304,318,367
119,214,367,372,380
41,139,211,367,372
177,276,304,371,372
17,41,62,302,380
62,304,371,374,377
304,309,371,374,377
107,302,304,309,318
39,97,227,304,374
92,154,280,304,371
177,237,318,373,374
41,182,211,351,367
92,139,211,367,372
92,210,231,276,367
224,304,309,367,379
304,351,372,379,384
92,210,211,231,367
41,62,211,280,367
131,175,276,291,309
41,139,304,318,374
131,276,291,309,371
126,151,231,371,372
77,237,304,374,379
15,126,367,373,384
90,148,208,222,309
182,210,304,309,380
13,62,119,304,371
127,139,304,367,374
77,139,177,318,351
155,225,309,367,378
237,304,309,367,372
127,208,318,349,373
65,158,204,224,340
62,139,296,344,367
139,177,302,367,386
119,177,372,380,384
115,139,148,309,367
107,137,166,251,302
78,183,184,185,242
236,248,302,371,382
210,280,304,367,371
66,127,215,304,373
139,166,211,371,377
92,98,181,203,215
175,258,268,367,379
126,137,139,309,318
251,258,268,367,372
119,139,304,309,367
2,40,81,184,231
227,309,371,372,380
155,257,309,371,372
148,182,304,309,349
155,231,309,371,372
62,119,127,276,318
17,34,44,66,67
139,202,304,371,379
119,304,318,367,373
202,211,231,318,367
41,119,296,304,318
62,210,211,237,371
166,210,211,243,367
66,119,221,304,367
208,231,239,309,371
92,181,274,335,372
18,148,304,367,371
17,227,277,321,353
2,131,189,243,309
133,177,211,231,370
40,62,367,372,379
12,129,175,236,382
139,210,211,302,318
139,177,211,302,309
177,302,304,309,318
135,208,251,367,371
2,92,309,379,384
127,177,214,291,347
53,211,367,372,379
18,210,309,318,371
62,231,280,304,374
67,132,208,357,380
92,119,304,318,371
12,210,268,309,367
62,297,304,367,372
77,210,309,379,384
177,280,318,367,371
211,309,318,367,371
41,211,302,309,367
18,92,124,175,280
108,221,225,231,252
177,296,342,374,380
90,96,252,271,331
210,211,296,367,374
226,280,302,349,367
105,154,304,367,378
40,53,318,367,372
15,280,301,324,372
211,227,318,371,380
14,18,39,208,257
41,211,302,309,374
40,41,304,318,374
40,74,86,237,257
177,237,239,373,377
210,226,312,342,379
119,226,231,374,379
18,92,119,181,296
2,237,304,309,367
51,97,237,304,359
18,81,98,318,347
41,64,243,336,367
41,72,304,309,380
177,182,304,371,374
177,302,304,367,372
