4,8
1
5,16
8,18
3,9
2,9
3,5
11,18
8,18
13,18
11,15
2,9
5
11,17
8,18
3,11
2,12
3,5
8,18
14,18
3,13
2,9
3,5
3,9
4,16
11,15
14,18
5,9
8,10
8,18
3,16
2,12
2,9
5
8,18
2,12
9,14
3,13
8,18
14,18
3,5
8,18
11,18
3,9
4,16
9,14
3,13
3,5
8,18
11,18
3,13
9,14
5
11,17
4,16
9,12
3,5
7,11
13,18
4,16
3,11
14
12
17
2,7
3,16
5
11,17
8,9
13,18
1
9,14
3,5
11,18
14,18
11
15
3,5
8,9
8,18
13
5
9,12
16,17
2,16
11,18
12
5,9
3,13
8,18
10
10,17
8
12
2
11,15
2,9
5
3,13
8,18
3,16
11,18
13
3,9
4,16
11,18
6,17
3,5
13,18
3,9
3,11
5,16
12
8,9
8,18
11
8,13
12
3,5
8,9
11,15
14
2,9
5
13
11,17
8,18
13,18
14,18
3,9
5
11,17
8,18
13,18
3,9
4,8
14
11
8,18
3,9
10
4
5,16
9,12
14,18
4,8
3,13
11,17
8,18
3,9
9,14
3,5
11,17
14,18
9,12
13
12
2,10
5,17
11,17
3,11
5
3,13
8,18
4,16
9,14
5
16,17
8,18
13,18
4,12
8
2,9
3,5
14,18
9,14
3,5
14,18
11,18
4,16
2,9
5
3,13
11,17
8,18
11,17
5,16
4,7
8,18
3,9
3,16
5,15
13,18
11,18
6,9
1
5,11
3,11
14,18
9,12
3,13
9,14
3,5
8,18
11,18
2,9
4,12
3,5
14,18
4,16
1
9,14
3,5
8,18
13,18
6,17
5,9
9,12
3
11,18
2,12
5
8,9
8,18
14,18
5
3,13
11,17
8,9
8,18
9,14
8,13
3,5
8,18
11,18
4
11
2,12
5,15
8,18
1
5
14
11,18
3,9
3,11
5
14,18
3,9
4,16
4,12
11
13
11,15
1
13
11,15
3,11
13,18
14,18
3,11
5
13,18
9,12
4,16
3,16
5
8,18
3,9
4,16
13
3,5
8,18
14,18
3,9
2,9
5
11,17
8,18
2,7
4,12
10
5
9,12
11,18
1
15
5,16
14
11,17
1
5,16
3,13
14,18
9,12
9,18
8
11,17
12,18
13
1
14
5,9
9,12
8,18
2,9
8,13
3,5
8,9
8,18
4,8
5,16
3,13
11,18
3,9
4,8
14
3,7
2,12
14
1
11
5
8,18
9,12
12
5,9
3,5
11,17
13,18
11
2,9
9,10
3,5
13,18
1
2,12
9,18
11,17
8,18
11
5,11
9,12
8,18
13,18
4,8
3,11
2,12
9,12
3,5
2,12
2,9
5
3,13
8,18
3,11
5
8,18
14,18
2,7
11
9,14
3,5
2,7
4,16
1
2,12
9,18
3,13
8,18
1
11,17
8,18
14,18
9,12
7,9
3,13
3,5
11,18
4,16
11
5
3,13
8,9
14,18
11,15
3,16
13,18
14,18
3,9
1
9,18
11,18
8,18
4,16
5
11,17
8,9
13,18
14,18
3,16
2,9
5
8,18
14,18
9,18
3,5
7,11
8,18
14,18
1
9,14
5
8,18
14,18
1
2,9
3,5
8,18
13,18
11,18
9,14
9,10
12
16,17
5
1
4,11
12,18
3,9
14,16
5
8,18
2,7
3,9
5
10
3,16
3,5
13,18
3,11
3,5
8,18
13,18
14,18
3,5
9,12
1,3
11,17
8,18
5
9,12
8,18
11,18
4,16
5,9
1
14
12
11,18
9,11
2,9
11,17
8,12
8,18
4,12
8,13
6
8,18
14,18
3,4
5
9,17
4,11
12,18
5,9
2,3
8,18
13,18
11,18
1
3,13
3,5
11,17
8,9
2,12
15
2,9
3,13
7,11
2,9
9,12
3,13
3,5
8,18
4
3,11
11,17
3,5
8,9
5
1
5,9
8,18
13
2,9
12
3,5
8,18
11,18
3,5
1
3,13
4,11
11,18
4,8
3,5
8,18
13
3,9
5
8,18
14,18
3,9
4,16
11,15
3,16
2,9
5
3,13
18
3,11
9,14
12,15
16,17
11,13
1
3,16
5,15
3,9
9,14
5
8,13
16,17
13,18
11,15
9,12
3,13
3,5
14,18
6,17
5,15
3,5
11,18
3,9
11,15
2,9
12
3,5
8,18
2,9
5,15
11,17
8,18
14,18
4,8
1
5,9
8,18
13,18
2,12
9,14
3,5
11,17
14,18
11,18
5,16
2,9
16,17
8,9
2,12
14
3,5
4,16
13,18
3,16
5
12
8,9
11,18
1
9,14
3,5
11,17
14,18
3,11
9,18
5,11
8,12
11,18
3,16
6,17
2
8,9
11,18
9,14
9,11
5
16,17
3,13
15
9,10
12
3,13
7,11
2,12
2,9
5
11,17
8,18
14
3,13
8,9
11,18
6,9
5,16
14
11,18
13
3,9
1
9,14
11,18
8,18
14,18
11,15
3,18
8,13
9,10
3,5
7,9
14,16
5
5,9
13,18
4,8
2,9
9,12
3,5
11,18
11,15
5
3,13
8,18
14,18
4,12
2
5,9
1
11,18
3,16
6,17
2,9
12
11,17
10
3,11
5,16
3,13
8,9
1
3,16
3,5
8,9
13,18
1
3,5
11,17
8,9
14,18
3,11
5
12
8,18
4,16
7,9
3,5
14,18
11,18
2,7
4,8
5
7,11
11,18
6,9
11,18
1
9,14
9,10
16,17
4,12
11,15
11,14
3,13
3,16
1
9,14
8,13
3,5
13,18
1
13
3,5
11,18
8,18
1
2,9
5,15
5,9
2,7
11,16
2,10
3,11
3,16
13,18
3,5
11,17
8,18
14,18
9,12
10
2,10
9,10
7,10
3,10
11,18
17
3,16
9,10
3,13
3,16
2,9
3,5
11,17
11,18
13
1
12
5,17
11,17
3,11
14
5,17
13,18
9,12
1
9,14
11,17
8,18
13,18
9,14
3,5
11,17
14,18
4,16
6,17
8,13
9,12
3,5
11,18
4,8
1
9,12
11,17
8,18
7,9
11
3,5
8,18
13,18
3,11
9,14
8,13
11,17
8,18
1
5,15
3,13
14,18
11,18
14
3,5
4,11
8,18
14,18
9,14
5
11,17
8,18
14,18
3,16
5,16
16,17
2,16
4,16
9,18
14,16
1
3,5
8,18
1
2,12
9,18
11,18
8,18
2,12
9,14
3,5
8,18
11,18
6,17
3,16
5,9
11,18
3,9
1
2,12
11,17
15,17
14
4,12
6,17
5,16
8,13
8,9
3,13
9,12
3,5
11,17
11,18
14
3,5
8,18
13,18
3,9
11
2,10
3,5
8,18
13,18
3,16
2,9
5
3,13
11,18
2,9
5
3,13
11,17
8,9
1
11
2,12
5
3,13
1
2,12
2,9
3,13
11,17
11
5
10
2,12
8,18
9,18
14,16
9,12
3,5
11,18
1
9,18
3,5
11,18
14,18
6,17
5,11
9,12
8,9
14,18
4,12
5
1
5,9
11,17
2,12
1
5
5,9
13
3,11
9,12
3,5
14,18
4,16
1
9,18
3,5
11,18
8,18
1
3,9
3,5
4,11
8,18
3,16
5
17
8,9
8,18
9,12
3,5
11,17
8,9
14,18
2,9
5
3,13
11,17
3,9
11
5,11
9,12
13,18
14,18
4,8
3,13
3,5
11,18
3,9
3,16
2,9
5
11,17
8,18
1
9,14
3,13
8,9
8,18
5,11
2,12
3,13
11,17
2,16
7,9
14
3,5
11,17
13,18
9,14
3,5
3,7
7,18
13
14
12
7,11
8,18
14,18
9,14
3,5
11,17
13,18
14,18
2,12
3,13
8,9
11
14,18
3,5
8,9
8,18
13,18
11,18
13
3,5
8,9
13,18
2,7
9,18
5,16
3,13
8,18
11,18
3,5
13,18
11,18
2,7
3,9
1
11
9,13
11,17
8,18
4,5
9,14
9,11
8,13
2,12
11,17
2,9
3,5
11,17
13,18
3,16
11,17
14
5,9
8,18
1
9,14
3,5
8,18
4,16
5
2,12
1
5,15
2,14
11
9,14
5
3,5
13,18
14
5,15
3,13
14,18
9,12
7,9
3,13
3,5
8,18
11,18
9,14
3,5
11,17
8,18
13,18
3,11
2,9
5
8,18
14,18
11
17
1
1
18
11,18
2,9
3,13
8,18
14,18
4,8
3,11
5
3,13
8,18
3,13
6,17
12
5,9
11,18
11,15
3,5
13,18
14,18
9,12
1
2,12
9,18
3,5
8,18
1
9,18
3,5
11,18
14,18
1
2,12
9,18
8,18
3,9
4,8
1
3,5
11
11,18
11,15
2,9
5
16,17
8,18
4,8
1
5
11,17
14,18
2,12
5
3,13
8,9
11,18
9,18
14,16
1
3,5
11,18
3,11
3,5
11,17
14,18
9,12
7,9
6,17
14,16
3,13
11,18
7,9
5
5,9
11,17
4,16
7,9
6,17
14,16
9,12
11,18
1
9,14
3,5
14,18
11,18
4,7
3,16
11,17
8,18
2,7
12
9,11
5
8,18
14,18
4,12
1
5
3,13
11,18
2,9
14
3,5
13,18
4,16
9,14
3,5
4,11
13,18
12,18
4,12
5
10
3,13
11,18
3,11
5,15
12
17
2,7
14,18
3,5
11,17
8,9
13,18
9,14
3,5
11,17
8,18
4,16
9,14
5
11,17
8,9
8,18
3,9
3,5
11,17
8,18
13,18
1
9,14
3,5
8,18
14,18
6
5,9
3,13
8,9
11,18
12
9,11
5
18
3,9
3,5
11,18
13
3,9
4,16
10
14
3,16
9,12
4,11
5,9
11,17
13,18
11,18
4,16
7,9
14,16
3,13
3,5
11,18
2,12
5
8,13
18
4,16
1
2,12
9,14
3,5
8,18
11,15
1
13
3,10
14,18
3,11
1
5
9,12
4,16
9,12
3,5
7,11
8,18
13,18
12,18
8,18
14,18
3,9
9,12
3,11
2,12
5,15
8,18
4,16
3,11
5,16
9,12
11,17
8,18
8,9
4,11
12,18
11,18
4,16
1
3,5
8,9
8,18
14,18
2,9
3,13
3,5
8,18
14,18
1
2,9
5,15
11,17
13,18
3,9
2,9
3,5
11,17
8,18
11,17
13
4,12
8
3,6
1
9,14
3,5
4,11
13,18
11,15
1,3
5
9,12
8,18
2,9
5
3,5
8,18
9,12
4,8
2,12
3,5
11,17
8,18
3,13
11
5,11
9,12
8,18
6,17
9,12
3,13
3,5
11,18
11
1
5
8,9
11,18
1
2,12
9,18
8,18
13
3,11
5
8,9
11
13,18
11,15
5,9
1
13,18
4,16
4,12
11
13
1,18
2,9
5
10
3,5
14,18
4,6
1
8,13
3,5
8,18
9,12
4,8
9,12
3,5
11,18
2,7
4,8
17
5,16
11,17
8,18
4,8
11
9,12
8,18
14,18
11
9,18
14,16
9,12
3,5
3,16
5,16
12
8,9
3,9
6,17
9,14
15,17
1,3
9,17
1
11
11,17
8,18
13,18
2,9
5
11,17
8,18
4,16
11,18
7,9
3,13
3,5
11,18
2,9
3,13
8,18
14,18
4,16
11
2,12
1
3,5
8,18
4
5
5,9
14,18
11,18
6,7
6,17
12
8,18
9,12
2,9
3,13
3,5
8,18
11,18
3,16
5,15
8,18
11,18
6,9
1
9,11
3,13
8,18
14,18
3,11
12
3,5
8,9
13,18
11,18
1
12
8,18
4,16
4,12
2,10
12
11,17
11,18
5
8,13
11,17
14,18
3,9
1
2,12
9,18
3,5
8,18
14
2,12
9,12
3,13
3,5
4,7
11,18
8,13
9,12
8,18
3,11
5,16
8,18
14,18
3,9
11,15
5
14
12
3,9
11
8,13
12
3,5
4,16
3,11
1
12,18
11,18
13
11
9,14
3,5
8,18
13,18
5
10
2,12
5,16
15
3,11
2,9
5
8,18
13,18
2,9
3,5
11,17
8,9
11,18
13
1
11,18
6
8,18
9,18
14,16
3,13
11,17
12,18
14
3,13
3,5
3,5
8,9
4,8
2,9
5
3,7
8,18
2,12
3,13
3,5
11,17
8,18
3,13
5,11
12
2
4,16
10
2,10
2,10
2,10
10,14
5,16
2,9
5
11,17
8,18
14
5,9
13,18
14,18
4,16
9,14
5
2,6
7,11
4,16
3,13
6,17
8,18
11,18
9,12
4
5,16
11,17
9,14
9,12
4,8
3,5
11,17
8,9
14,18
4,8
3,5
8,18
14,18
2,7
2,12
9,14
1
3,5
11,18
3,11
1
5,15
11,18
9,12
1
3,5
11,18
3,9
4,16
11
9,14
3,5
2,16
13,18
10
2,9
3,5
11,18
13,18
5,9
3,13
11,17
8,18
14,18
8,13
8,12
8,18
2,16
3,9
11,15
14,16
3,14
9,12
3,13
2,12
9,14
3,5
11,18
14,18
13
11,18
2,9
12
2,7
11
5,16
12,18
14,18
3,9
1
3,16
5
11,17
8,18
11,18
3,13
3,5
8,18
9,12
2,12
8,13
5,9
16,17
8,18
3,6
9,12
3,5
11
13
4,12
13
3,9
8,18
11,18
3,16
2,9
11,17
8,9
14,18
13
3,5
8,18
11,18
3,9
3,11
5
1
8,18
14,18
9,14
3,13
3,5
11,17
8,18
7,9
14,16
5,15
3,13
11,18
6,17
3,13
3,5
8,9
11,18
3,16
5,15
8,18
11,18
9,12
11,18
13
3,5
8,18
3,9
3,13
1
6,17
5,9
11,17
10
5,9
14,18
3,9
4,16
4,12
2,10
3,5
11,17
8,9
1
9,14
5,16
8,18
14,18
3,16
9,11
5
5,9
12,18
13
1
11
11,17
6
4,8
3,5
11,17
8,18
3,9
1
11
2,9
3,6
8,18
1
3,13
3,5
8,12
11,18
1
3,9
2,12
9,18
11,17
3,16
3,5
8,9
11,18
3,9
3,9
5
2,12
6,7
4,11
1
11,17
1,5
13,18
3,9
11
2,9
5,15
8,18
13,18
5
11,17
11,18
3,9
9,12
11,13
1
9,14
11,17
14,18
11,15
1
5
8,18
13,18
3,11
1
5,15
8,9
14,18
13
5
10
2,10
11,17
11,18
2,9
5
3,13
9,18
3,11
3,7
2,9
5
9,13
2,12
2,9
3,13
11,17
8,18
1
11
6,17
5,16
3,9
1
2,12
5
11,17
8,18
11,18
7,9
5,15
1
14
3,13
7,9
11
14,16
3,5
11,18
9,12
3,5
13,18
4,16
2,7
5
3,13
8,18
3,9
2,9
5
9,12
11,17
8,18
9,18
3,5
11,17
8,18
13,18
1
6,17
15
5,9
4,7
11
5,11
3
14,18
3,9
4,12
11
3,18
3,5
8,9
11,18
15
12
1,5
8,9
14
11,17
8,9
13,18
11,18
4,5
11,18
14,16
12
8,9
5,9
11
14
12
11,18
1
1,3
3,7
11,15
13
2,9
5
11,18
12,18
13
1
2,12
9,18
1
8,18
1
1
2,16
14,18
9,12
3,13
11,17
8,9
14,18
4,6
7,9
16,17
3,5
3,9
4,16
3,16
5,9
3,5
11,17
8,18
3,11
3,13
5,16
9,12
11,17
1
5
9,12
8,18
14,18
9,14
3,5
7,11
13,18
2,7
6,17
5,15
9,12
11,18
13,18
2,12
1
3,5
8,9
14,18
2,9
3,5
11,17
8,18
14,18
7,9
1,3
13
12,18
11,18
2,12
2,9
5
8,13
8,18
2,12
5,16
11,17
14,18
3,9
14,16
9,11
3,5
8,18
13,18
1
6,17
3,13
3,5
11,17
3,7
1
11
13
3,16
11,15
1
8,9
8,18
13,18
11,18
3,5
11,17
8,9
8,18
2,9
5
4,12
3,13
8,18
5,15
9,12
3,13
11,18
2,7
11
3,5
17
8,9
12,18
1
3,13
8,9
8,18
11,18
14
3,5
8,9
14,18
11,18
10
17
11
2,12
4,16
11
14
3,13
3,5
8,18
11,15
5
8,9
14,18
4,16
12
9,11
5
3,13
8,18
1
2,12
5
8,9
14,18
7,9
13
2,4
8,18
11,18
3,11
5
9,13
12
8,18
17
11,17
8,9
11,18
13,18
6,7
2,9
11,17
8,18
14,18
9,18
5,15
8,18
14,18
4,16
2,10
2,12
5,16
5,15
11,17
3,7
5,11
9,11
8,18
13,18
9,10
3,5
13,18
11,18
2,7
5
11,17
8,9
4,6
9,12
9,14
5,16
12
11,17
8,18
9,14
3,5
8,18
11,18
4,16
10
2,12
7,10
11,17
8,18
11
14
9,12
3,5
13,18
2
2
14,18
6,11
3,6
11
9,11
13
3,5
13,18
8
9,11
3,13
8,18
14,18
3,11
3,5
14,18
3,9
4,16
10
4,12
5,11
14,16
9,12
12,14
1
3,18
9,10
3,5
1
9,18
14,16
12
11,18
2,9
5
3,13
11,18
4,16
1
1,3
13
6,16
1,16
1
9,14
3,5
11,18
8,18
4,8
9,14
5,16
5
12
11
5,16
8,9
8,18
13,18
1
3,13
8,18
11,18
3,9
12
3,5
13,18
11,18
3,9
9,10
3,5
11,17
14,18
4,16
2,9
5,15
8,18
2,16
13,18
13
9,12
3,5
8,18
14,18
1,3
2,9
8,13
3,13
3,5
11
2,12
5
8,18
13,18
2,12
9,14
3,13
11,17
14,18
3,11
6,17
8,13
3,9
6,9
1
9,14
3,5
11,17
8,18
7,9
11
5
8,18
13,18
6,17
3,16
8,9
4,11
12,18
14
9,11
5
12
5,9
4,8
11
14
17
16
2,12
2,9
3,5
8,18
14,18
13
12
2,10
11,17
1
1
2,12
9,18
8,18
4,16
9,18
14,16
12
11,18
6,9
11
2,9
3,13
11,17
8,18
1
2,12
15
11,17
8,18
3,11
2,9
5
3,13
8,18
4,12
11
13
1
14
3,11
2,9
5
8,9
13,18
2,9
3,13
3,5
11,17
8,9
14
5,9
3,13
3,5
8,18
14,18
5,15
8,13
2,3
13,18
17
13
3,5
8,9
11,18
6,17
3,16
4,12
11,18
3,9
7,9
2,9
5,6
14
8,18
2,12
9,14
3,5
8,18
13,18
5
4,12
3,13
11,17
8,18
4,8
5
11,17
14,18
9,12
5
11,17
8,18
14,18
9,12
2,12
5
9
3,13
11,17
11,15
3,11
1
5,16
9,12
13
6,9
11
6
1
1
9,14
5
16,17
2,7
14
7,9
3,5
13,18
11,18
1
3,5
7,11
14,18
4,16
11,13
5
9,12
16,17
8,9
9,14
5
11,17
3,9
4,16
11,15
7,9
5,13
11,17
14,18
1
5
9,12
16,17
8,18
3,11
5
8,9
8,18
14,18
5,16
5
8,18
14,18
3,9
13
11,14
9,10
3,17
2,7
3,16
3,13
8,9
8,18
14,18
8
5
5,9
8,18
13
11,15
5,16
14,18
3,9
4,16
3,13
3,13
3,5
8,9
8,18
9,14
3,13
11,17
8,9
11,18
1
8,10
8,9
12,18
4,16
14
9,13
3,5
11,18
9,12
4,12
11,15
14
13
3,5
4
1
2,12
5,15
8,9
4,8
3,11
1
3,5
14,18
3,11
2,12
8,13
8,18
14,18
14,18
16
3,5
13,18
2,7
10
10
10
10
8,10
2,14
7,11
8,18
14,18
4,16
3,5
8,9
8,18
13,18
14,18
2,7
14
11,18
12,18
6,9
3,16
3,16
14,16
5,16
4,16
4
4
8,13
1,5
11
5,16
14
12
8,9
8,18
10
2,10
8,13
10
10,14
2,9
5,15
3,13
8,18
11,18
9,14
5
9,12
11,18
8,18
5
1
14
10
16,17
9,18
14,16
5,16
8,18
11,18
1
5,16
3,5
13
4,16
9,18
3,13
11,17
8,9
8,18
5
14,18
12
3,13
11,17
5,11
5
3,16
8,18
13,18
9,11
8,13
3,5
8,18
2,7
1
2,9
8,9
4,11
12,18
15
2,9
5
3,18
1
5,16
8,13
5,9
11,17
8,18
10
10
10
10
10
14
3,9
1
7,13
8,18
3,11
2,10
12
11,18
8,18
1
3,16
12
11
11,17
17
10
12
5,9
13,18
2,12
9,18
14,16
1
11,18
1
3,16
8,9
11,18
8,18
1
2,12
9,18
4,7
8,18
10
2,9
3,13
8,18
2,7
3,11
14
9,12
3,5
4,6
3,16
11,18
7,9
14,16
3,13
1
9,18
5,16
12
11,18
3,16
5
11,17
13,18
3,9
3,13
5,11
3,11
9,12
8,18
14,16
8,13
11,17
8,9
13,18
7,9
9,18
5,11
8,12
14,18
5
5,9
3,5
11,18
3,9
15,17
8,13
11,17
4,11
8,18
3,13
7,9
1
3,5
4,16
11,18
1
9,18
3,5
8,18
3,9
3,5
4,11
13,18
4,16
5,16
2,9
5,9
3,5
14,18
5,9
3,16
5,15
2,7
4,16
3,11
8,9
8,18
13,18
2,7
3,11
5
1
8,9
4,11
9,18
4,12
3,5
11,17
8,18
3,5
11,17
8,18
13,18
14,18
3,11
2,12
5
3,13
3,9
3,16
5
8,9
13,18
3,9
2,10
9,17
3,13
3,5
8,9
4
3,16
6,9
11
13
1
9,14
3,5
3,13
8,9
1
9,18
3,5
8,18
13,18
4,12
1
3,5
8,9
11,18
4,7
5,11
3,13
13,18
3,9
14,18
9,18
5,15
8,18
13,18
6,9
5
3,13
11,17
14,18
5,11
3,11
9,12
14,18
4,16
1
11
2,17
8,9
12,18
9,13
4
11
3,5
11,17
5
12
5,9
13
4,16
6,17
11
5,13
8,12
3,9
11
9,14
5
8,18
13,18
7,9
14,16
5
8,9
14,18
11,18
2,9
3,5
8,18
3,9
4,8
3,5
14,18
11,18
3,9
3,13
16
9,18
8,18
11,18
7,9
12
3,5
11,17
13,18
4,12
9,11
3,5
8,18
13,18
7,9
3,13
11,17
8,18
14,18
9,14
3,5
11,17
13,18
9,12
11
2
17
8,12
6
1
11
3,17
3,5
8,18
7,9
3,9
4,12
8,13
16
9,14
9,12
16,17
7,11
14,18
14
3,16
9,14
14,18
13
3,13
11,17
9,14
5,15
4,6
9,14
9,12
3,13
3,5
11,18
3,13
8,12
7,11
14,18
3,9
5,11
5,15
8,9
11,18
3,9
5,11
2,12
9
17
13
6,17
8,9
13,18
11,18
4,16
6,9
6
3,13
11,17
8,18
5,11
12
5,9
3,13
8,9
9,11
2,9
5
3,13
8,18
18
3,16
3,5
4,7
3,9
13
12
11,17
8,18
4,16
3,11
1
5,16
14
8,18
5,15
14
12
8,9
12
6,9
8,17
9,10
3,13
11,18
11,14
5,16
9,12
8,18
13,18
6,9
15
3,16
8,18
9,12
5,11
2,9
1
3,5
7,11
1
2,12
9,18
8,9
11,18
5
16,17
4,11
8,18
12,18
1
5
9,10
8,18
14,18
13
4,5
11,15
1
3,13
13
3,16
18
13,18
4,16
6,17
9,14
5,9
3,5
13,18
10
11
5
2,9
1,13
10
11
2,9
15
8,18
8,11
16,17
2,9
3,13
8,18
3,11
2,12
3,5
14,18
4,16
1
5
12
11,18
3,9
5,11
3,5
11,17
13,18
3,9
9,14
3,5
11,17
8,9
13,18
4,8
1
3,5
11,17
14,18
7,9
14,16
3,5
13,18
11,18
5,16
2,9
9,12
8,18
14,18
5
11,15
14
9
7,13
11,15
2,9
13
2,16
14,18
8,13
3,5
8,9
8,18
14,18
3,16
12
11,17
14,18
3,9
5
11,14
3,11
8,18
9,12
3,16
2,10
12
3,5
13,18
2,12
3,5
11,17
8,18
14,18
11,14
12,15
5,6
8,9
13,18
2,12
9,14
7,10
8,18
2,7
11
3,16
13
7,9
9,14
5,11
7,9
8,13
16,17
11,18
11
13
3,5
8,18
13,18
11
12,14
1
3,16
5,17
5,11
3,11
9,12
8,18
13,18
6,17
14
4,12
3,13
11,18
2,12
2,9
5
3,13
14,18
1
9,14
3,5
12,18
11,18
3,11
5
16,17
8,18
14,18
14
2,12
11
12
14,18
11,15
3,16
17
2,9
16,17
11,14
1
3,16
5
5,9
17
5,15
8,13
8,9
8,18
2,7
2,10
14
6
8,18
9,14
3,5
11,18
14,18
2,7
5
8
2
9,17
10,14
11
2,9
3,5
8,9
13,18
3,11
1
14,16
3,5
8,18
1
8,13
2,12
8,9
8,18
3,11
5,9
2,12
15
4,16
11,15
13
2,9
3,5
11,17
3,16
12
8,9
8,18
11,18
3,16
8,9
6
11,18
13
2,9
12
3,5
11,17
8,9
1
5,11
8
2,9
2,7
2
5,6
9,13
7
3,16
6,7
2,12
3,5
8,18
11,18
1
2,9
5,9
11,17
8,18
3,16
5
12
8,9
11,18
5
5,9
3,13
11,17
8,18
13
9,11
3,5
4,6
9,12
4,12
11
8,9
6,16
8,10
9,14
3,5
13,18
11,18
3,9
11,15
14,18
4,12
8,9
8,18
2,12
2,9
5
14,18
11,18
9,18
1
3,5
8,18
11,18
1
5
3,13
8,9
11,18
8
3,13
3,5
11,18
3,9
3,11
3,13
6,9
5
8,18
3,16
14
14,18
11,18
3,9
3,5
11,17
8,18
4,6
3,9
5
14
11,17
8,9
8,18
4,12
11
13
2
5,6
11,15
14,18
1
3,5
8,9
10
3,13
1
14,18
4,16
10
3,11
3,13
8,18
9,12
11
3,16
9,12
8,9
5
3,13
1
2,12
3,5
11,17
11
5
9,10
4,11
12,18
6,7
9,18
8,13
3,5
13,18
14,18
2,12
1
17
12
9,14
5,11
11,18
13,18
3,9
9,14
5,16
7,11
8,18
14,18
6,17
12
3,13
11,18
3,9
2,7
5,16
3
3,7
8,9
5
9,12
7,10
14,18
4,16
2,12
5,9
11,17
8,18
13,18
11
14,18
5
7,13
3,17
11,15
9,14
5
13,18
14,18
9,14
14,16
8,13
12
11,17
2,9
11,17
1,5
8,18
13,18
1
14
3,5
8,18
13,18
11,18
12
5,15
8,9
13,18
5
9,12
11,18
8,18
13,18
1
2,12
8,18
11,18
3,9
3,11
7,9
3,5
13,18
4,6
6,17
9,13
12
3,5
11,18
3,16
11,18
2,12
2,9
8,18
2,12
6,9
11,17
8,9
14,18
13
2
9,17
3,5
4,11
3,11
3,13
14,16
9,13
11,18
4
5,11
14,16
9,12
13,18
3,13
1
3,5
4,11
12,18
3,13
17
3,13
9,12
4,16
11
9,12
8,18
14,18
2,7
7,9
5,11
14,16
3,5
13,18
11,15
4,8
3,5
8,18
14,18
11,17
5
1
8,18
14,18
12
6,10
5,11
12,18
13,18
2,12
9,14
1
7,18
2,16
1
9,18
7,10
11,17
8,18
11,18
9,14
16,17
3,5
13,18
4,8
1
3,5
11,17
13,18
5,9
14,18
8
1
4,16
1
9,14
3,5
11,18
13,18
3,16
5,16
16
11,18
3,9
11,15
7,9
1,3
12
8,18
3,13
17
2,14
9,12
11,18
2,12
9,14
11,18
8,18
14,18
1
8,18
14,18
2,7
3,9
3,6
8,13
8
16,17
18
2,12
9,14
5,16
3,13
8,18
13
11,18
9,18
14,16
9,12
10
11
2,9
14
3,5
4,8
11,18
14
14,18
2,7
3,13
5,15
14
7,10
9,12
11,15
2,9
5
14
13,18
3,18
5,15
11,17
8,18
2,7
4
11
5,11
3,5
11,17
4,12
13
3,5
11,17
3,9
2,9
3,13
3,5
8,9
11,18
2,12
5
3,13
11,17
8,18
13
4
11,16
6,17
13,18
4,8
9,12
3,5
8,18
13,18
2,9
3,13
3,5
11,17
8,18
6,17
12
5,9
11,18
3,9
9,14
3,5
11,17
8,18
14,18
4,8
11
5
3,13
8,18
2,9
3,5
8,18
13,18
14,18
11,18
5
16,17
8,9
13,18
3,17
2,9
5
3
8,18
11,15
9
14,16
14
3,13
11
5,16
5,9
16,17
8,9
11
14,16
5
9,12
13,18
3,16
5,15
4,11
13,18
3,9
9,14
5,16
2,9
8,9
8,18
2,12
2,9
8,13
3,5
3,9
3,11
6
9,12
9,17
4,16
1
5
5,9
3,13
11,17
11
3,12
15
9,13
14,18
3,16
5
5,9
11,17
8,18
5,16
9,10
14
11,17
2,7
10
4,8
1
1
1,2
9,14
5
16,17
8,18
14,18
10
10
5
8,13
10,16
1
5
16,17
8,9
11,18
11
9,14
3,5
8,9
13,18
4
3,11
5,15
3,7
11,18
11,15
9,18
3,13
8,18
14,18
15
9,14
5
11,17
8,18
1
9,14
5
3,13
3,7
4,8
2,9
3,5
13,18
11,18
1
11
9,14
1
3,5
7
14,16
8,9
13
4,16
3,10
8,12
13,18
14,18
11,18
1,3
4,5
7,9
12
11,17
14
2
3,13
11,17
8,9
2,12
9,18
16,17
11,17
8,9
3,4
16,17
11,18
13,18
4,6
13
7,18
7,11
13,18
3,9
1
3,13
11,18
8,18
4,16
3,11
1
5
12,18
8,9
10
3,16
5,15
5,9
11,18
4,12
3,5
13,18
11,18
3,9
9,14
3,5
13,18
11,18
4,16
2,9
9,12
11,17
13,18
14,18
2,12
3,16
11,17
8,18
13,18
11,18
14
9,12
3,13
3,5
9,18
11
8,18
13,18
2,7
9,14
16,17
3,5
11,17
13,18
11
10
12
1,13
4,10
14,18
3,16
2,9
11,17
11,18
5,15
8,13
9,12
3,5
11,18
9,14
16,17
3,5
14,18
11,18
11,15
2,9
5,17
2,3
13,18
11
5,16
8,18
14,18
3,9
5,9
4,12
4,11
8,18
13,18
5
12
8,9
2,7
3,9
11
9,14
3,5
13,18
14,18
3,11
2,12
5
13,18
14,18
2,9
12
3,5
8,18
14,18
1
9,18
3,16
9,11
12,18
5,16
9,12
11,17
8,18
13,18
11,15
3,16
2,9
5,15
3,13
5,15
3,5
11,17
8,18
13,18
3,11
5
3,13
13,18
14,18
3,5
9,10
8,18
14,18
3,9
1
2,9
11,17
8,9
4,16
9,18
14
3,13
11,17
8,18
9,14
3,5
4,11
8,18
13,18
8,13
3,5
11,17
8,9
14,18
14
5
11,17
14,18
3,9
1
12
11,17
8,18
4,16
11,15
5
12,18
8,18
14,18
11,18
14,16
4,7
13,18
3,9
5
8,18
14,18
2,7
9,12
4,8
3,11
7,9
12
13,18
11,18
1
3,5
13,18
3,9
1
2,12
9,18
5,16
8,18
3,11
5
8,9
13,18
2,7
3,11
3,15
3,16
3
3,5
2,12
9,18
14
11,17
8,18
14,16
2,9
3,5
8,18
13,18
17
13
3,5
14,18
11,18
3,16
5
11,17
14,18
4,16
4,11
3,16
3,5
8,18
3,9
11,15
2,10
9,12
8,18
4,6
1
9,18
5,16
14
13,18
1
5,11
8,13
13,18
9,12
1
11,17
8,18
13,18
3,9
3,16
14,18
6,14
1
5,13
13,16
3,5
11,17
8,18
14
3,11
14
8,13
8,9
2,7
5,11
8,13
14,18
11,18
9,12
3,5
16,17
4,11
13,18
3,9
2,9
5,9
12
14,18
11,18
1
11
9,12
8,18
14,18
5,16
9,12
3,13
11,17
8,18
4,12
2,10
5,11
11,17
11,18
4,8
1
8,18
11,18
3,9
2,9
5,9
3,13
11,17
8,18
3,11
9,14
1,5
8,18
13,18
4,12
4
3,18
14
1
9,14
12
3,5
13,18
11,18
5
14
3,13
4,11
12,18
1
5,9
2
11,17
2,7
5,16
5
9,12
11,17
14,18
11
3,11
5,15
9,12
3,13
13
3,13
14,18
9,12
1
3,13
6,17
9,12
3,5
11,18
4,8
1
3,11
3,16
2,7
11,17
3,10
8,9
2,3
16
14,18
5,11
1
8,9
3,6
3,5
11,18
8,18
13,18
4,16
8
1
14
8,9
2,7
13
3,16
3,18
2,12
11
4,8
11,18
1
9,10
8,18
4,12
5,11
12
11,17
10,17
1
3,16
5,15
9,17
8,9
3,16
5,15
4,11
12,18
3,9
1
5
11,18
12
3,9
10
4,8
11,18
3,5
3,9
11,18
9,14
3,5
13,18
4,16
5
5,9
8,18
13,18
3,9
10
3,16
8,13
12
8,18
3,11
2,12
8,18
14,18
11,18
9,14
8,13
3,5
8,18
4,6
10,17
4,10
1
13,18
13
11,18
1
9,14
14
13,18
3,5
11,17
8,18
13,18
9,12
3,16
8,13
12,18
4,6
3,9
11,18
5,16
2,9
8,18
13,18
2,9
3,5
11,17
8,18
13,18
1
5,16
11,18
13,18
3,9
2,12
9,14
5
11,17
8,18
3,13
1
15
5,16
8,18
11,15
3,11
5
14,18
3,9
1
1
8,9
8,18
11,18
4,12
3,5
1,5
11,18
8,18
1
2,10
12
11,17
8,18
3,16
5,15
8,9
13,18
11,18
5,11
2,9
8,13
12
8,18
10
10
2,10
7,10
3,10
3,12
2,10
9,11
8,18
14,18
14,16
1,3
3,5
8,18
4,16
6,17
14,16
3,13
11,18
9,12
11
2,12
2,9
11,17
8,18
3,16
5
8,18
13,18
2,7
11,15
11,18
3,13
8,18
2,16
3,11
3,5
8,18
13,18
4,16
3,16
17
9,14
14
14,18
15
3,18
3,13
11,17
4,16
1
2,12
11,17
3,13
11,18
11,15
1
11,18
2,10
2,16
1
12
8,10
16,17
3,9
9,14
3,13
3,5
11,17
14,18
1
6,17
5,16
11,18
3,9
18
4,11
5
13
15,17
4,12
11,18
3,13
8,18
3,9
11,15
2,12
5,16
11,17
14,18
4,12
13
1,18
2,9
11,17
3,11
5
8,9
8,18
9,12
3,11
11
6,9
9,14
7,10
1
2,12
8,13
8,10
8,18
5,15
11,17
18
13,18
3,9
1
1,5
8,9
13,18
3,9
1
2,12
9,14
5
14,18
13
1
7,9
18
8,18
13
11
9,12
3,5
13,18
11
2,9
3,5
8,18
13,18
9,14
5,16
3,5
8,18
14,18
13
3,16
10,17
6
8,18
4,8
9,14
11,17
8,18
13,18
3,9
15,17
12
3,7
18
12,14
3,16
5,16
1,16
4,16
14,15
9,14
5,16
17
4,16
14,16
3,5
8,18
13,18
11,18
9,14
5,16
7,11
8,18
13
2,9
3,13
3,5
8,9
11,18
2,9
3,13
3,5
8,9
8,18
1
15,17
8,18
14,18
9,12
4,8
2,12
5
8,18
14,18
9,14
4,12
3,5
13,18
14,18
18
4,8
3,11
3,13
9,12
3,11
3,5
13,18
11,18
2,7
3,5
11,17
13,18
11,18
2,7
7,9
3,13
3,5
11,17
8,9
4
14
1
3,5
11,18
11,18
13
9,12
3,5
13,18
9,14
9,10
8,9
12,18
11,18
4,8
14,16
5
7,11
8,18
11,18
2,12
5
8,18
14,18
11,18
2,9
8,13
4,12
8,18
15
3,5
11,17
8,18
3,9
3,5
7,11
14,18
3,9
4,16
11,18
2,9
5
8,13
8,18
4,8
3,11
5
9,12
8,18
2,10
3,16
4,12
9,17
11,17
4,8
2,12
3,5
8,9
11,18
2,10
4,12
9,17
11,17
13,18
11
6,9
8,13
13,18
14,18
3,16
9,10
3,5
11,18
3,9
4,5
11
8,18
12,18
4,16
12
9,18
5,16
3,7
11,17
14,16
2,9
3,5
11,17
9,12
13
3,11
1
3,5
13,18
6,17
2,12
3,5
8,18
11,18
3,16
2,12
9,14
8,9
7,11
11,17
3,5
11,17
8,18
13
9,10
3,5
11,17
8,18
14,18
6,17
5,16
8,9
4,11
12,18
1
14
3,17
15
10
3,11
2,12
16,17
7,13
8,18
2,12
9,14
3,13
8,18
8,10
1
9,14
14,18
9,12
4,16
3,9
2,12
9,18
11,17
8,18
7,9
14,18
11
5,9
3,13
14
11
5
3,16
10,14
11,16
1,3
3,13
13,18
14
2,9
9,12
3,5
8,18
13,18
11
6,17
9,13
3,5
12,18
2,12
11
5
13,18
2,7
11,18
17
14,16
8
9,13
3,16
12
17
8,18
3,9
11
14,18
2,12
11,17
8,9
5,9
12
17
8,18
14,18
1
2,12
3,5
11,17
8,18
4,12
11,15
11
5
8,13
1
11,17
13,18
14,18
9,12
11,17
12,18
11,17
13,18
14,18
9,18
14,16
3,5
11,17
4,11
11,17
8,13
11,17
13,18
14,18
3,11
1
6,17
4,12
8,9
18
5,6
12,14
11
13
2,12
1
3,5
13,18
3,9
1
3,5
8,9
8,18
12,18
1
5
8,13
8,9
8,18
4,8
1
16,17
3,5
8,9
3,11
2,9
5
9,10
13,18
11
2,9
5
12
8,18
11
1
3,18
3,5
8,18
5,16
8,13
14
11,17
13,18
11,18
14,16
3,13
3,16
14,18
10
9,18
3,5
8,18
13,18
18
1
8,11
14,17
4,10
4,12
2,10
9,11
12
11,17
1
9,14
5
8,13
2,16
11,15
3,11
8,18
14,18
3,9
13
12
3,16
11,16
14
2,12
2,9
5
3,13
8,9
2,12
9,14
5
3,13
11,17
9,14
3,13
3,5
11,17
8,9
1,3
5,16
5,9
8,18
13,18
4,12
11,18
11,17
3,9
4,16
6,17
9,14
15,17
9,17
6
1
5
8,18
14,18
3,9
10
2,9
11,17
8,9
13,18
3,11
8,13
9,12
3,5
11,18
13
5,11
5,16
18
9,12
11,18
1
3,5
8,9
13,18
13
2,9
17
11,17
8,18
3,11
7,10
3,5
8,18
14,18
3,16
2,9
11,17
3,9
4,16
9,14
9,12
8,9
8,18
13,18
5
11,17
8,9
8,18
13,18
4,8
5
3,13
11,17
8,18
10
11,18
13
3,16
9,12
6,7
3,18
3,5
8,13
2
9,14
16,17
11,18
11,18
9,12
12
5,11
2
14
9,18
2,9
5
16,17
8,18
11,18
5,15
9,12
3,13
4,11
8,18
5,9
13
3,5
8,18
13
11,15
1
8,9
8,18
14,18
4,5
9,12
3
11
14,18
5
1
8,9
13,18
9,12
5
10
4
5,16
12,18
4,8
5
3,13
11,17
11,18
11,15
4,8
3,5
8,9
11,18
11,15
3,13
11,13
9,10
12,18
9,14
9,10
14
12,18
2,7
2,9
5,15
3,7
11,18
3,9
1
5,15
8,13
11,18
3,9
10
11,18
1
14,16
16,17
4,12
9,10
3,5
11,17
8,18
1
14
9,10
3,5
7,11
10
11
17
8,9
6
4,8
1
12
3,17
8,18
4,8
1
3,5
11,17
9,12
9,14
14,16
3,5
13,18
11,18
9,14
3,13
3,5
8,18
14,18
