177,304,309,367,384
64,237,372,375,377
62,210,211,302,367
40,77,210,211,302
139,177,211,302,367
62,211,367,372,380
175,211,318,367,371
148,181,304,371,379
177,211,367,371,372
287,296,318,334,349
17,53,173,239,243
210,302,304,379,384
119,228,251,302,367
53,173,304,309,367
210,211,302,309,367
177,211,367,372,378
119,139,148,296,367
53,139,211,367,372
63,177,211,296,309
211,251,367,372,379
53,139,211,367,384
41,102,119,139,304
175,211,309,318,371
130,189,304,371,377
119,139,148,211,367
40,175,302,367,372
2,36,110,304,367
77,210,211,367,374
177,211,367,371,379
139,175,211,318,367
41,72,304,309,367
53,211,367,379,384
119,177,304,309,371
53,139,226,367,371
127,237,239,349,373
210,302,304,309,367
40,210,211,302,367
139,177,302,351,367
210,226,302,304,367
210,211,304,367,371
177,211,296,367,372
177,208,309,372,380
85,210,227,268,363
53,211,215,309,367
77,210,211,302,367
119,148,304,367,377
92,228,302,318,384
139,210,211,302,367
63,74,251,367,372
98,177,188,309,384
177,193,211,296,309
119,177,304,349,373
119,139,148,367,374
127,181,251,351,367
177,211,367,372,384
177,211,309,367,372
40,268,280,367,371
40,177,304,374,384
202,347,371,372,384
62,139,211,318,367
62,211,367,379,384
53,211,226,367,374
139,155,304,367,371
119,139,148,208,367
139,210,211,309,367
139,210,302,304,367
210,304,367,374,384
127,239,304,318,374
177,211,309,367,371
41,97,127,227,367
177,304,367,370,371
119,175,211,318,371
126,210,304,309,367
107,231,304,374,384
119,175,304,379,384
139,211,251,367,372
53,318,367,372,384
139,169,309,367,379
131,139,211,367,372
139,211,302,318,367
148,181,268,276,367
6,39,182,318,364
92,243,250,251,370
135,169,225,302,309
139,210,304,318,367
53,173,211,309,367
29,211,367,372,379
53,139,211,318,372
135,211,231,375,380
2,41,45,62,72
62,139,211,302,367
164,237,304,367,371
74,92,210,251,367
210,226,279,367,384
127,175,251,349,373
62,211,280,367,384
119,139,211,367,372
119,139,148,304,367
62,304,371,380,384
177,208,367,371,374
148,208,227,309,367
62,217,239,280,302
23,80,132,211,367
119,177,208,371,376
127,280,304,374,375
119,211,251,367,374
74,177,211,251,367
77,139,210,211,302
13,127,251,367,371
175,302,304,309,367
40,92,210,367,371
142,177,296,309,312
119,139,177,211,367
132,304,309,318,371
132,136,280,288,367
139,191,211,304,367
275,304,309,367,371
211,251,309,371,372
119,239,258,367,385
177,304,309,371,372
16,37,47,77,210
177,280,304,351,367
210,304,309,367,371
12,175,226,374,380
139,177,304,309,367
107,182,304,371,374
175,304,318,371,372
119,177,211,372,378
177,304,371,372,374
210,211,302,367,374
77,210,211,302,309
53,226,304,318,374
41,62,127,304,380
177,302,304,309,367
41,139,211,309,367
210,211,367,372,384
98,137,284,309,318
137,211,280,309,367
39,239,367,377,385
26,30,107,119,217
17,177,309,347,367
93,202,211,327,367
211,367,371,372,379
92,181,239,377,385
53,126,139,211,367
67,182,189,210,211
95,135,231,304,309
139,210,226,269,379
211,309,367,372,380
77,119,210,302,309
53,304,309,318,371
62,208,302,309,367
210,226,296,302,367
53,119,318,367,377
74,119,139,304,351
41,119,211,302,367
49,127,280,371,376
39,119,181,304,367
139,210,211,367,372
127,304,367,372,380
211,276,374,377,379
127,304,309,318,373
119,139,177,211,372
155,177,304,367,371
210,280,309,371,384
177,211,325,372,374
119,302,304,370,380
139,177,211,367,372
62,243,367,372,384
177,211,304,367,371
177,304,351,367,372
72,211,280,318,371
62,211,302,367,384
98,107,304,309,318
210,211,309,375,379
119,179,210,280,367
251,367,371,379,384
62,211,284,302,318
211,234,243,251,302
130,189,211,367,372
40,135,169,309,371
92,109,239,367,371
139,210,211,309,318
45,309,318,335,380
139,177,304,367,371
74,304,367,374,385
74,127,164,251,384
127,239,276,341,342
41,302,304,367,385
13,159,214,228,342
119,175,211,318,367
28,72,114,306,318
41,64,102,268,362
132,136,373,384,385
107,251,304,309,371
53,226,304,318,367
211,304,367,372,384
177,243,304,342,371
131,177,225,371,374
77,210,211,231,367
16,119,173,175,223
41,341,367,370,373
40,304,367,372,374
181,182,250,251,367
6,127,239,302,304
210,302,304,367,374
62,302,304,318,377
126,302,304,372,379
175,304,309,318,371
41,102,119,226,367
126,210,211,302,304
18,177,208,224,372
62,211,257,347,367
62,77,160,175,208
126,210,304,367,384
53,126,211,318,367
177,211,282,367,371
177,304,359,367,371
210,211,309,367,372
16,29,30,70,72
119,139,148,225,367
211,302,367,375,379
173,211,243,367,372
53,304,309,367,372
177,304,367,371,374
53,139,211,367,378
210,302,304,318,342
62,108,226,257,367
108,139,208,309,372
225,302,309,367,380
40,177,304,367,371
139,214,304,318,374
210,211,309,367,371
139,175,211,251,372
210,211,223,302,367
62,177,211,302,367
119,148,211,296,371
40,199,280,296,371
139,208,210,309,367
12,40,97,119,372
208,234,367,371,379
119,228,251,351,372
210,211,367,371,374
2,53,211,309,367
62,139,367,371,384
0,1,2,3,4
77,210,226,367,372
126,148,182,304,371
119,177,280,302,384
177,304,309,318,371
62,254,257,319,366
139,164,282,367,375
211,251,302,372,374
127,175,211,367,371
40,77,177,367,372
126,139,318,357,372
62,131,309,318,367
127,239,341,342,380
55,210,257,367,377
210,211,309,318,371
16,145,210,304,371
92,210,302,304,318
74,92,119,211,304
177,211,309,371,372
92,210,243,302,367
177,304,309,367,371
177,211,304,329,371
107,126,367,372,384
41,304,309,367,372
53,211,309,367,378
148,239,342,367,384
119,177,309,373,384
119,139,210,304,367
118,153,374,377,379
19,166,281,369,375
139,148,211,367,372
155,304,371,379,384
166,177,296,304,371
56,166,226,280,371
119,132,301,367,380
37,107,127,208,251
139,177,211,367,374
165,210,309,371,372
210,211,243,302,367
177,296,304,351,367
74,126,251,367,372
188,211,309,367,380
16,148,302,342,367
238,290,291,329,371
0,5,12,27,72
131,208,211,257,309
119,139,148,309,367
41,98,139,304,367
178,179,180,208,367
139,175,211,367,372
177,190,301,349,367
41,119,208,367,379
36,226,291,304,372
53,127,302,374,379
175,211,231,280,371
62,208,367,371,372
74,119,251,367,374
132,201,318,342,371
210,302,304,309,318
107,155,304,371,372
211,276,309,367,371
214,228,318,342,371
62,211,356,367,384
177,296,304,367,371
18,208,231,367,372
175,211,251,302,374
131,257,302,309,367
181,211,280,367,372
2,127,251,372,379
63,101,148,310,371
2,136,251,285,370
169,231,251,354,384
127,260,371,373,379
67,92,177,296,318
119,148,208,292,371
53,173,208,239,309
205,211,213,251,371
36,127,280,304,330
139,239,367,374,385
175,188,239,251,309
62,211,351,367,370
53,139,211,309,367
139,211,302,367,372
119,127,177,304,374
284,309,318,371,377
62,208,223,259,371
98,284,309,318,372
127,276,304,370,379
62,72,251,344,372
119,276,304,309,367
208,210,214,280,372
119,132,258,318,371
2,50,92,231,367
177,211,252,367,384
53,211,318,372,377
74,127,177,367,374
62,119,127,251,384
166,225,239,375,380
175,211,309,318,367
210,251,302,309,367
210,304,351,367,371
77,82,114,221,227
177,211,296,309,371
53,119,211,318,367
72,211,280,367,372
120,243,367,371,383
62,77,210,302,367
177,211,304,367,372
119,126,251,371,372
304,309,318,367,371
37,203,304,309,372
2,62,208,302,309
139,196,210,309,367
139,177,211,302,374
2,6,12,63,72
304,335,353,371,373
182,215,304,351,380
119,177,225,367,374
53,123,175,177,239
127,211,309,367,379
62,89,205,237,239
302,304,309,367,372
98,126,177,304,375
31,118,199,211,386
39,159,280,371,374
175,251,280,304,367
62,177,211,371,377
92,130,211,302,347
177,304,367,371,384
2,16,98,119,374
77,210,255,302,309
119,139,148,367,372
119,175,304,318,371
151,208,291,367,374
148,181,208,374,379
53,211,367,372,380
231,304,367,372,379
41,139,211,372,379
210,302,304,309,371
41,62,177,200,208
126,177,211,367,372
302,304,309,367,374
139,210,211,309,371
18,166,272,304,351
127,231,239,349,373
175,226,280,367,375
153,301,304,309,372
119,251,361,367,375
62,304,367,372,380
139,177,211,296,372
84,304,342,367,372
109,237,239,251,276
175,208,318,367,372
159,214,228,318,371
175,211,280,309,384
183,226,280,367,371
211,243,309,367,378
92,177,211,243,296
72,239,304,371,380
18,39,208,280,372
98,177,227,367,371
62,127,280,309,384
29,139,211,367,372
34,141,286,342,373
139,211,302,309,367
210,211,367,372,379
127,304,374,379,386
96,228,280,302,367
202,302,304,309,367
62,77,119,288,318
77,210,211,309,371
119,182,202,243,374
211,239,318,371,379
77,211,302,318,372
74,82,304,318,370
93,167,211,213,304
6,302,304,372,384
127,175,251,372,380
89,223,251,342,377
127,139,282,318,349
119,175,226,372,377
62,211,280,367,371
139,175,304,318,367
62,211,243,367,384
177,302,304,309,372
112,223,314,318,367
62,215,350,370,372
126,177,211,371,372
177,251,304,309,378
93,132,304,318,371
182,189,210,304,367
41,211,318,374,375
62,177,211,367,371
127,280,304,330,374
199,210,309,367,372
139,210,211,309,378
18,44,148,285,304
210,211,304,309,367
155,211,251,309,367
192,304,309,318,342
148,309,359,367,372
107,139,211,302,384
175,211,251,371,372
2,237,239,304,309
132,136,280,367,371
74,175,226,309,385
175,211,309,367,384
286,304,318,360,372
119,177,189,225,372
127,239,304,366,374
92,211,302,367,384
29,139,211,318,372
210,211,309,367,384
210,211,302,367,372
202,211,302,318,367
119,210,211,302,372
41,139,211,367,372
62,211,302,349,373
16,77,210,211,374
304,318,367,370,379
72,131,252,352,367
139,215,349,351,367
2,135,211,315,371
81,159,214,228,353
132,139,318,375,377
126,177,211,367,371
210,211,227,239,302
74,304,318,370,374
166,177,304,367,371
127,177,208,367,379
177,211,276,302,367
148,208,342,367,379
127,199,304,318,380
119,177,231,374,384
177,208,309,367,372
93,239,280,304,371
98,309,318,338,371
132,210,302,367,377
127,287,318,334,349
1,209,210,318,367
159,214,228,318,342
175,211,237,309,371
53,211,302,309,379
148,166,243,296,304
62,182,211,309,367
40,210,211,280,371
2,130,132,188,189
40,123,371,380,384
41,102,119,139,208
175,304,309,367,372
208,304,309,367,371
127,181,260,371,379
41,147,201,302,374
175,217,280,302,318
62,77,304,367,372
107,304,309,367,371
62,211,302,367,373
40,232,318,361,377
53,139,237,239,304
62,97,225,251,318
243,302,304,372,374
139,177,208,309,371
173,177,304,309,371
92,302,309,367,379
53,211,309,318,367
29,86,189,225,362
175,226,309,318,371
177,302,304,342,367
177,226,309,371,374
155,251,372,377,384
211,367,375,378,379
202,211,280,367,371
41,139,173,309,367
151,208,309,371,372
39,74,208,210,374
222,231,259,262,318
62,208,251,309,371
12,208,309,371,372
211,309,358,367,385
31,199,211,217,282
226,252,265,280,302
139,173,211,367,372
202,211,215,367,374
139,177,211,367,371
103,175,211,256,375
40,257,304,318,371
119,208,367,371,379
41,53,102,173,363
53,139,222,225,367
302,304,367,379,385
74,92,169,251,367
211,222,309,367,379
72,139,211,367,372
127,148,243,304,367
177,211,296,302,367
77,92,127,251,280
96,188,217,367,374
208,304,309,371,384
45,100,127,309,385
309,370,371,375,377
139,177,231,304,367
210,211,367,374,384
132,136,280,367,377
119,210,304,367,371
97,177,225,231,372
39,62,231,371,380
210,211,231,367,384
2,131,243,309,342
2,98,166,239,251
211,243,309,318,372
177,208,304,367,371
53,225,239,309,385
92,177,226,276,370
148,181,251,309,367
53,164,304,372,384
148,181,304,371,374
148,239,342,378,381
119,177,208,374,380
63,119,228,243,309
40,119,148,257,290
304,367,371,372,375
36,123,127,251,373
97,208,211,367,374
41,102,304,372,377
210,302,304,349,367
210,211,231,309,367
210,211,302,318,374
92,97,211,251,302
208,286,338,349,379
139,177,296,304,371
210,231,304,372,384
2,81,131,189,243
210,243,304,371,374
239,302,304,374,380
304,309,367,371,384
210,304,371,379,384
202,296,304,318,374
98,166,210,304,371
62,131,139,211,280
62,211,372,380,384
28,77,151,172,210
18,105,258,263,373
132,137,318,341,373
40,92,139,211,296
40,74,210,211,367
11,105,168,259,325
175,227,335,347,359
132,136,280,367,372
74,211,251,367,374
18,75,125,237,244
10,15,17,67,70
74,211,228,309,318
41,215,251,309,380
74,115,137,208,318
2,39,62,309,367
72,177,309,367,372
39,62,131,211,231
181,211,251,367,374
173,239,280,309,318
177,231,309,367,384
139,155,208,237,371
126,280,302,367,384
175,214,302,304,318
309,318,367,371,377
28,131,188,237,297
127,228,251,371,379
119,175,203,260,384
107,139,173,189,384
40,208,302,318,367
45,63,71,210,367
62,119,148,283,376
243,304,309,367,371
177,208,302,374,375
139,177,211,296,367
18,142,152,166,373
139,239,367,381,385
108,126,139,251,372
276,304,367,374,377
119,177,211,367,374
304,309,318,371,377
45,119,304,372,380
210,304,309,367,384
211,302,367,372,380
127,139,282,349,379
99,208,210,239,318
126,127,215,367,377
177,280,304,371,372
139,210,211,302,384
132,136,280,299,371
45,107,119,211,255
18,127,231,251,369
53,66,302,304,318
126,127,304,367,371
53,211,302,309,318
8,40,210,318,384
18,45,68,80,311
77,208,210,296,318
211,251,367,379,384
62,119,182,210,211
175,226,304,309,371
62,72,251,367,380
177,304,367,371,372
53,65,139,211,371
131,237,304,367,372
304,367,372,374,379
107,182,304,351,371
139,259,309,318,367
119,208,210,369,371
208,225,243,309,364
40,296,304,318,372
119,139,211,318,372
148,272,282,374,384
127,175,251,302,374
119,177,225,349,372
2,77,139,301,309
132,139,211,246,369
74,155,226,276,318
126,177,302,367,372
62,108,211,367,380
41,208,309,349,379
13,23,29,62,79
210,211,302,367,379
2,182,309,318,367
148,159,309,318,349
45,211,243,309,351
41,211,351,367,371
132,136,139,367,371
40,228,254,372,380
42,182,280,304,371
182,329,351,377,385
177,302,304,351,371
40,62,211,367,372
127,182,251,342,371
98,153,284,309,318
39,62,177,208,296
239,264,304,371,385
13,52,342,367,371
177,211,372,374,378
39,177,213,367,384
126,177,211,296,371
211,367,371,372,384
119,208,302,309,372
148,190,208,367,374
119,177,373,374,384
62,132,243,309,375
62,208,237,239,309
72,109,139,208,304
74,92,202,208,318
16,62,367,380,384
175,211,367,372,380
177,251,338,351,374
41,62,208,367,371
64,265,318,371,372
132,210,309,367,371
2,6,12,72,97
18,30,40,41,77
131,304,318,371,374
40,208,252,280,328
60,177,208,362,367
210,211,309,318,372
37,60,181,288,371
41,280,304,309,367
139,148,211,231,367
177,304,349,371,373
74,177,276,304,372
210,243,318,372,374
72,177,243,245,296
243,251,296,346,367
40,210,243,304,367
177,284,367,371,372
74,237,243,309,318
62,119,208,367,371
116,124,218,237,372
139,211,226,251,367
139,202,225,251,277
137,151,310,342,373
211,251,294,349,372
119,304,309,318,371
74,177,296,304,374
139,177,302,304,374
62,304,318,371,384
74,92,177,309,367
211,367,374,378,379
74,155,251,367,374
239,258,309,367,378
67,101,199,210,275
62,71,77,142,190
67,77,166,227,318
155,210,251,302,367
18,92,127,304,371
119,159,318,351,367
177,296,304,371,374
208,309,363,371,372
53,280,309,367,372
62,182,188,251,367
62,318,367,371,379
131,208,309,318,367
202,239,296,304,367
210,227,280,367,371
2,211,251,309,371
21,72,208,309,379
77,107,166,342,359
40,237,251,302,367
98,137,309,318,384
139,210,211,233,367
153,211,310,374,384
13,211,371,372,379
164,284,309,328,384
119,210,280,309,367
40,182,237,371,374
18,81,227,318,380
107,177,208,367,370
107,231,304,309,367
18,53,208,309,367
177,296,304,374,379
107,118,309,367,384
92,175,211,280,302
40,210,211,231,367
62,182,208,222,384
179,180,182,226,371
7,28,57,68,85
45,246,267,357,371
132,137,210,254,328
77,92,231,237,318
220,280,297,323,326
302,309,366,374,379
304,366,374,379,384
62,108,367,369,372
92,148,181,211,318
239,304,367,380,384
202,243,251,304,374
181,182,210,211,318
72,210,211,231,367
41,62,119,192,349
119,247,283,349,352
2,211,231,251,367
132,185,371,372,379
127,175,280,309,371
18,239,304,367,384
62,304,379,380,384
2,6,71,72,97
175,189,211,251,371
177,231,304,309,367
62,239,304,367,384
40,169,227,250,251
77,132,166,280,367
29,107,137,189,367
40,119,177,225,259
77,107,119,211,231
107,208,318,342,367
53,251,302,367,372
62,210,211,280,384
89,239,350,375,380
119,202,251,342,367
139,210,211,371,384
62,211,367,380,384
208,210,304,367,374
119,304,367,374,384
148,251,302,309,367
177,243,304,367,371
126,177,211,367,377
210,218,304,367,371
257,304,341,371,372
97,210,296,318,367
127,226,280,314,371
166,202,239,243,367
62,127,215,309,372
148,211,309,367,370
115,127,239,284,302
2,62,175,367,372
210,211,231,367,372
40,280,304,367,371
182,210,304,318,377
139,231,304,318,374
18,132,136,211,379
131,210,288,309,310
66,219,268,280,367
97,109,302,309,310
210,304,318,374,375
139,177,211,309,367
126,202,296,318,367
41,102,119,304,380
219,318,367,370,384
41,226,309,371,380
77,119,139,210,367
139,148,304,309,367
77,175,210,367,380
74,126,210,214,304
127,182,251,280,367
41,92,208,280,378
119,210,226,309,372
41,284,342,363,379
93,132,280,296,367
2,211,251,296,371
18,28,35,59,68
214,276,291,304,374
127,251,309,371,380
210,211,309,367,379
16,81,318,328,363
28,97,309,330,375
177,287,294,374,376
74,139,166,222,251
276,286,304,318,372
62,139,211,367,384
132,134,136,371,380
62,304,371,379,384
139,208,211,367,372
119,148,226,277,367
53,139,211,318,367
44,132,136,211,243
41,139,189,304,367
80,187,309,338,342
139,251,309,371,384
62,92,208,372,384
208,280,309,349,367
107,139,237,304,384
16,29,132,227,257
139,208,210,367,374
39,210,302,304,374
126,127,304,367,385
13,190,202,309,367
97,215,232,255,314
210,302,309,367,371
77,177,211,309,375
119,155,251,367,371
210,237,302,309,367
40,210,268,367,371
41,102,119,225,367
40,210,302,304,374
177,211,296,304,374
177,225,309,367,371
238,239,304,384,386
62,139,367,371,372
119,175,211,251,371
177,211,371,372,377
211,297,367,371,374
175,232,243,371,376
36,127,175,208,318
62,107,208,280,371
166,208,210,214,380
177,211,330,367,372
18,231,237,260,365
6,17,215,310,352
62,132,136,211,367
39,139,228,231,367
119,304,318,367,384
53,208,239,309,367
62,71,76,77,117
62,175,290,309,372
177,304,374,375,377
119,126,177,227,304
92,211,367,371,372
41,115,127,139,225
210,304,318,357,368
202,225,231,318,374
40,208,221,239,318
62,132,211,280,373
77,139,210,211,367
97,105,117,296,323
177,226,367,371,384
12,130,188,259,309
2,67,228,309,384
40,41,304,372,380
107,211,284,302,309
119,211,243,309,372
40,41,45,119,175
177,304,371,374,384
137,309,318,371,380
62,139,211,310,367
13,351,367,371,379
202,226,367,371,379
60,237,309,372,376
107,304,318,367,371
107,302,304,309,367
175,309,349,367,371
105,164,181,309,367
72,177,211,291,371
107,182,217,367,374
77,177,211,231,371
53,173,239,304,309
156,159,347,375,376
62,131,213,304,367
16,62,232,240,379
119,155,302,318,367
127,211,373,374,378
67,119,197,210,318
135,180,213,363,375
2,16,62,72,77
119,175,211,318,372
177,211,231,237,367
92,97,211,223,377
62,268,302,309,367
139,210,211,374,384
107,139,251,294,367
119,177,211,367,371
175,304,309,370,371
175,211,367,371,379
210,226,361,367,371
22,106,133,151,272
119,251,304,342,371
177,189,276,304,367
117,130,323,326,335
119,177,211,296,372
181,304,318,374,377
62,211,284,318,372
40,92,251,371,372
211,280,374,375,379
119,131,211,280,372
127,139,346,367,380
139,177,211,318,367
119,148,304,367,371
63,181,211,318,354
13,62,243,371,377
2,131,132,243,309
131,211,252,273,309
131,243,251,309,371
210,239,296,367,378
18,210,239,367,378
41,139,211,367,385
40,210,211,318,372
71,139,148,239,384
139,210,211,296,367
73,175,280,304,309
60,107,328,367,374
41,304,309,371,379
139,177,304,309,372
178,180,281,283,296
41,177,214,296,374
40,302,304,318,374
40,281,302,304,370
166,177,302,367,384
12,72,130,188,309
18,40,304,374,376
177,208,371,374,384
6,15,276,341,380
62,136,166,208,367
62,136,164,166,342
40,208,243,250,279
266,275,347,373,384
107,304,367,377,384
50,68,151,249,328
18,62,208,318,372
210,261,304,367,377
74,280,304,367,374
18,65,67,223,347
62,226,280,304,309
177,208,304,372,379
127,175,251,351,371
175,231,280,291,304
175,226,237,367,374
85,235,279,353,356
39,51,115,143,225
20,32,55,61,67
177,276,296,367,377
13,175,183,244,297
40,177,318,370,372
25,119,309,367,371
210,304,371,372,384
127,211,243,367,372
139,155,211,222,367
62,175,280,304,367
107,208,211,374,377
39,74,208,231,372
74,119,226,309,367
13,71,313,326,327
123,189,304,367,371
107,135,359,367,375
39,139,211,309,367
62,211,227,367,380
131,251,367,372,377
40,169,226,371,380
226,302,342,367,372
127,131,177,372,380
155,210,231,302,372
29,208,338,343,344
175,318,367,371,374
74,136,148,251,367
119,139,210,211,367
139,304,309,328,367
153,211,280,347,349
45,50,62,109,330
181,182,211,251,367
148,290,323,327,349
211,330,367,372,380
137,177,302,309,372
280,304,309,371,384
29,189,211,243,372
177,211,243,302,309
166,181,304,371,380
92,175,251,296,367
210,280,304,342,384
18,44,50,77,231
208,312,367,371,374
86,210,296,367,374
64,211,228,316,380
72,148,239,304,374
175,208,302,374,380
115,251,309,367,372
155,296,371,375,379
74,127,309,351,367
211,280,302,367,372
77,131,251,309,371
127,215,304,367,377
126,211,318,367,371
139,210,211,302,309
108,175,251,309,367
107,304,318,367,374
8,231,251,280,367
22,127,304,367,374
92,139,211,371,379
39,71,130,164,367
131,302,304,367,372
226,276,304,318,384
40,210,232,302,380
127,182,237,304,309
77,148,239,304,367
2,18,118,159,257
126,210,296,302,367
39,175,226,342,367
62,177,280,296,375
108,304,318,367,371
98,210,304,318,367
126,149,302,304,361
175,224,239,342,352
211,367,372,380,384
13,40,304,371,379
189,192,233,234,251
88,163,210,276,367
127,226,318,351,371
177,211,371,374,377
18,45,68,295,308
211,296,309,318,367
139,211,231,367,372
211,225,309,318,367
127,177,304,367,374
72,139,316,374,377
40,175,181,367,380
225,231,375,377,380
127,309,349,371,373
41,119,304,367,372
175,347,371,372,374
53,208,302,372,377
127,304,318,371,377
2,99,304,318,372
139,210,211,231,367
210,211,231,302,367
62,211,367,372,375
127,139,251,309,367
210,211,342,367,371
128,185,229,337,341
13,208,268,372,379
13,148,182,251,367
62,370,372,375,380
189,226,228,257,367
139,181,302,304,374
62,276,304,309,371
208,210,231,296,311
119,139,210,211,302
210,304,309,367,374
155,304,371,377,380
155,239,304,367,371
62,304,318,371,377
177,225,296,367,374
210,211,251,367,377
92,210,296,302,367
2,6,72,97,367
127,239,302,304,318
53,280,302,367,374
139,208,309,318,371
41,92,211,251,371
53,214,275,347,349
148,208,367,372,384
2,232,309,312,322
150,214,304,306,309
177,211,302,309,367
92,210,211,367,384
39,107,159,175,347
210,211,231,251,367
62,304,367,379,384
63,177,211,276,367
63,177,211,304,367
119,126,211,367,372
131,132,243,309,380
119,148,182,211,351
126,211,280,367,384
107,208,231,309,330
127,231,251,276,372
126,210,304,367,371
139,211,367,372,384
131,211,302,318,367
226,367,372,379,384
13,18,81,309,350
211,251,371,372,379
50,73,231,284,367
118,214,243,375,377
97,98,177,208,224
51,210,304,309,367
74,139,251,367,374
71,72,139,296,370
119,210,225,243,367
28,251,279,318,384
40,90,178,370,372
77,236,371,374,380
77,371,374,380,384
93,253,302,353,377
74,177,211,309,367
85,98,227,347,363
210,280,302,367,371
177,363,367,372,384
177,243,255,341,372
12,127,372,373,377
74,118,155,298,333
210,227,234,296,367
2,6,12,29,41
92,110,304,372,384
210,302,304,351,367
119,202,211,231,318
77,210,367,369,371
127,280,304,309,371
208,211,367,372,379
92,210,296,369,371
18,36,203,251,354
62,177,349,367,371
15,74,223,345,367
169,227,304,367,372
92,211,302,318,372
25,156,161,171,306
41,173,318,331,342
155,210,211,302,367
155,304,318,371,375
139,211,309,318,374
60,132,225,231,302
107,124,152,188,309
304,309,371,372,384
6,13,341,342,347
284,309,329,360,371
105,119,255,367,384
177,309,318,367,371
177,211,309,370,372
139,177,302,304,309
119,210,211,302,309
62,318,367,371,376
137,208,296,309,367
62,210,211,302,328
280,296,302,342,367
62,139,211,318,371
62,139,304,371,379
28,64,188,225,309
202,258,309,318,370
34,132,280,296,379
8,39,131,211,318
40,210,304,372,384
62,74,119,237,243
53,211,302,318,374
219,230,251,370,374
211,231,251,367,379
304,351,367,379,384
74,77,139,251,367
45,177,239,371,374
126,139,208,318,377
119,139,148,302,367
93,132,158,304,318
72,215,290,351,373
92,107,160,264,270
12,63,72,97,338
76,159,160,176,208
210,211,231,367,374
53,119,239,367,385
39,97,119,148,304
96,119,177,211,239
119,276,304,367,371
6,239,341,371,380
177,211,302,309,372
62,107,226,318,386
6,175,183,305,367
131,186,241,318,371
40,208,211,367,386
155,177,231,367,370
177,304,309,367,376
2,45,53,139,342
127,304,318,374,380
114,211,291,367,384
18,41,53,65,351
39,41,45,208,361
177,243,304,367,384
18,206,330,344,359
67,304,367,377,379
119,228,231,318,384
62,108,243,378,380
77,199,210,309,372
121,239,304,371,384
119,208,309,371,372
210,232,239,304,375
302,304,318,377,384
13,119,304,318,371
210,231,304,309,367
92,98,177,211,342
40,255,257,370,371
119,127,237,349,373
107,127,351,367,371
126,139,177,211,372
2,92,208,309,318
105,225,371,372,380
6,13,41,45,71
74,127,251,349,372
70,114,215,276,372
40,77,210,304,371
211,302,304,347,371
62,280,302,304,367
53,211,318,367,372
107,231,259,326,376
