94,233,445,778,797
448,645,730,778,785
91,448,450,658,778
130,286,645,778,786
145,448,645,797,804
91,282,530,609,778
149,286,448,450,778
286,376,642,778,786
645,778,788,797,804
376,642,645,778,788
145,376,450,658,804
598,645,752,785,804
130,480,497,571,795
373,450,658,681,785
233,376,645,730,786
245,362,645,681,778
243,450,598,635,784
184,254,530,642,778
38,229,429,470,620
91,448,450,642,778
373,788,796,797,804
184,248,645,785,797
130,445,497,681,778
245,479,497,645,681
91,196,448,450,796
658,778,785,786,797
450,658,778,785,797
94,202,224,778,797
38,89,445,598,786
94,642,658,778,797
376,645,658,786,798
25,254,392,553,658
130,450,642,778,804
376,450,635,778,785
45,429,448,645,786
376,645,786,788,804
448,450,642,658,778
319,445,545,778,797
373,473,785,788,805
233,260,279,786,798
145,376,472,778,788
448,591,645,786,804
233,376,645,778,785
248,530,598,641,788
286,450,681,778,786
450,642,658,681,778
376,479,645,778,788
89,245,286,473,778
143,450,482,788,797
130,450,786,797,804
3,9,25,131,143
26,91,130,785,786
130,450,785,798,804
373,450,778,797,804
310,645,778,786,797
448,450,658,778,795
3,38,450,598,788
115,362,445,488,658
115,445,642,786,798
303,356,658,787,796
295,488,530,598,778
448,479,645,681,778
94,445,642,788,797
94,202,284,286,488
115,245,450,778,798
497,530,645,658,785
350,448,485,645,785
233,286,303,658,778
186,260,598,778,785
94,130,286,598,645
286,448,450,642,778
130,450,778,786,795
245,376,472,794,804
233,286,303,642,778
474,658,778,786,798
212,642,645,788,804
160,450,642,681,786
91,373,785,786,797
233,303,730,778,804
450,658,681,785,786
149,448,450,778,786
303,645,752,778,786
233,376,450,778,786
233,448,645,778,785
184,376,485,497,635
450,474,748,787,797
381,450,778,795,797
28,38,373,472,785
130,645,778,785,786
472,598,628,658,778
450,598,778,788,804
208,233,488,497,730
395,448,658,724,778
3,479,745,778,786
169,450,625,748,787
530,701,778,785,788
115,642,645,658,681
286,362,448,587,752
448,598,642,645,778
89,130,319,645,681
450,474,530,778,796
448,497,645,778,788
472,474,642,748,788
94,645,778,796,797
450,778,786,797,804
91,149,448,450,642
36,130,376,460,635
171,233,373,473,797
376,450,479,635,785
91,598,642,645,786
248,473,645,788,797
91,448,497,645,778
448,473,658,778,786
94,474,530,778,785
286,376,645,658,786
184,445,448,635,681
286,482,645,691,785
373,450,497,681,788
233,376,645,658,786
130,303,537,711,788
149,248,534,681,788
376,395,450,635,642
362,485,497,642,768
286,448,450,658,778
65,642,681,730,805
445,488,788,796,797
233,376,730,778,786
91,468,479,485,645
212,381,450,530,785
94,448,598,645,788
91,450,642,778,786
3,57,208,463,788
149,248,448,497,658
38,130,445,642,681
233,373,645,681,785
428,645,658,681,786
130,450,497,778,804
212,645,786,788,795
94,450,768,788,805
184,233,376,485,635
3,91,121,145,149
233,376,479,645,785
115,135,645,730,778
233,448,473,530,794
230,257,279,373,785
645,658,778,786,798
244,257,485,637,663
184,197,373,485,642
149,448,645,658,788
25,143,254,553,658
130,480,553,785,798
233,376,658,778,785
376,645,658,786,804
248,479,598,645,788
94,233,598,658,778
212,245,645,778,785
130,376,479,658,778
233,473,642,786,788
65,472,748,778,786
376,450,658,778,786
149,445,635,784,804
303,380,474,645,778
233,286,303,730,778
286,376,472,778,788
248,373,530,788,797
162,286,319,461,678
3,248,445,479,681
145,598,645,658,788
481,645,778,785,797
245,257,645,778,785
149,448,450,642,788
448,450,642,658,681
115,245,286,450,642
233,286,448,642,658
9,28,38,286,778
303,380,598,645,788
233,303,472,730,786
248,260,598,681,786
3,450,474,530,658
286,428,450,530,796
130,598,645,786,804
233,303,472,730,778
113,227,472,748,778
373,450,571,681,778
598,645,658,681,786
448,450,642,658,797
186,260,598,785,786
94,642,645,788,797
149,448,450,658,778
115,376,642,681,778
260,286,642,658,784
212,488,645,658,785
376,645,666,743,796
65,497,752,778,786
376,645,658,785,786
286,642,681,771,786
645,681,778,785,788
310,645,681,785,795
303,330,642,778,788
645,785,788,795,797
115,245,462,658,778
31,376,395,479,640
342,448,645,658,785
149,319,488,530,778
233,376,472,778,804
232,286,288,473,475
245,376,450,645,785
65,473,642,786,798
212,642,645,778,788
376,645,658,778,785
130,448,450,778,786
350,359,428,573,700
184,448,642,778,786
94,130,450,642,778
145,248,497,530,730
91,645,785,786,798
233,286,303,472,778
233,303,645,730,786
233,286,303,778,797
94,242,645,771,788
91,448,450,635,778
94,233,450,658,786
286,450,642,681,730
303,380,474,645,788
130,645,658,786,798
212,248,380,642,788
212,450,530,658,804
212,248,381,598,788
233,376,472,786,788
15,149,658,778,795
254,395,450,778,786
3,143,450,642,788
448,488,645,785,804
376,645,748,785,787
3,28,38,642,788
130,473,497,571,795
282,645,658,681,785
376,645,658,778,804
376,450,658,681,778
227,645,658,778,785
233,376,645,778,786
526,530,642,681,788
254,395,450,700,797
645,788,796,797,804
136,196,373,598,748
530,658,785,788,804
212,381,642,645,788
286,450,479,685,804
233,286,376,645,778
91,133,604,663,786
130,264,450,798,804
598,645,752,778,785
547,778,786,797,798
130,286,473,778,804
130,445,598,658,778
681,748,787,788,804
233,645,681,778,786
448,642,645,778,786
233,448,473,658,785
227,448,472,658,778
342,405,407,429,774
233,376,472,748,785
131,398,450,598,778
448,450,645,778,798
94,286,645,658,778
145,186,260,598,778
248,598,642,645,788
119,233,450,681,730
233,286,303,778,796
130,450,681,771,785
91,530,772,785,804
2,7,25,39,448
28,38,645,786,793
474,479,645,778,798
94,598,645,788,795
94,197,445,658,778
94,245,598,778,786
245,303,380,598,645
334,445,497,681,797
248,376,461,521,625
115,245,658,778,785
448,450,658,778,804
184,212,642,645,788
448,642,778,786,804
245,286,428,645,778
89,450,530,786,788
213,248,497,778,798
448,642,645,778,788
373,473,778,788,805
233,395,642,778,786
130,497,645,681,785
184,233,497,778,804
3,257,497,658,730
450,479,658,786,797
233,286,303,645,778
196,286,598,642,645
15,184,479,598,778
130,445,778,786,797
91,450,488,497,797
245,479,497,645,804
130,133,547,788,796
245,376,645,778,785
28,38,286,445,614
130,448,450,778,785
448,645,658,681,788
25,133,730,745,778
303,380,642,658,787
65,145,472,645,681
94,448,450,666,778
286,642,645,658,778
145,260,497,620,804
157,257,392,500,655
445,448,450,658,778
480,530,785,786,804
376,450,639,752,804
145,248,778,788,798
89,330,342,376,798
94,645,658,681,786
94,645,778,786,795
286,376,474,645,788
130,233,473,788,798
115,645,730,797,804
245,376,645,784,785
38,448,645,730,785
530,642,658,778,786
479,711,778,784,797
91,380,561,598,642
286,376,645,730,786
26,183,638,762,794
9,445,547,786,797
132,149,450,658,778
184,642,645,778,798
286,479,530,635,778
142,598,645,746,796
45,181,227,778,788
149,448,658,681,786
310,645,778,788,797
130,450,474,778,786
376,642,645,658,778
212,381,473,642,788
248,642,645,681,788
373,473,778,788,798
184,310,645,778,797
145,233,248,530,658
38,530,786,797,804
3,392,645,658,681
233,376,445,778,786
373,395,450,530,787
25,143,160,658,745
94,645,658,778,797
233,321,448,774,778
233,642,645,709,730
113,227,286,303,658
373,472,681,788,797
227,232,286,558,748
132,319,660,785,797
245,448,473,778,785
450,658,788,797,798
171,233,376,658,786
91,115,450,778,785
130,233,473,681,786
25,232,324,392,658
184,448,450,642,707
130,284,448,450,462
286,448,642,658,778
233,245,248,445,797
233,286,450,658,778
184,212,473,474,480
145,212,245,381,645
184,598,645,785,804
214,450,642,778,797
448,450,598,658,778
303,645,658,778,785
132,248,362,530,545
186,260,641,786,797
3,245,468,645,681
184,471,497,660,681
579,658,681,785,788
34,184,380,497,681
208,224,488,497,730
53,85,123,131,135
448,450,730,787,796
233,286,303,474,778
233,474,784,786,798
145,319,681,786,793
212,635,645,797,804
373,530,645,658,778
130,145,445,598,658
233,450,598,778,786
376,645,752,785,795
248,473,598,730,785
286,474,645,681,786
448,645,658,778,786
212,277,310,547,788
286,448,450,479,778
286,445,658,786,797
380,395,645,778,785
143,248,642,645,658
12,20,55,135,149
91,143,681,778,785
184,645,658,681,778
448,450,591,642,778
473,598,642,730,795
350,472,571,681,787
115,642,681,778,788
65,645,681,786,788
38,197,503,640,804
350,482,642,645,778
91,450,681,786,804
254,395,450,642,778
115,286,450,681,786
212,243,454,778,788
130,450,462,497,778
197,658,681,730,785
213,448,658,778,786
303,473,778,786,804
257,286,445,473,658
12,260,395,778,785
485,645,785,788,795
450,658,681,793,798
376,445,497,658,778
376,645,778,788,804
38,286,637,658,778
350,488,598,645,785
106,107,122,139,142
350,395,405,645,785
354,395,642,778,786
130,645,786,797,804
38,71,260,380,598
103,143,468,485,645
233,303,380,497,788
448,450,642,788,804
52,164,181,697,780
233,376,645,730,778
94,376,445,450,497
368,445,681,778,785
233,642,778,788,797
497,645,785,788,797
485,645,658,786,804
448,473,778,784,785
310,598,645,778,786
398,448,479,642,645
245,286,450,778,785
286,376,642,658,786
130,248,479,797,805
233,376,645,658,778
212,245,450,778,785
248,373,681,748,787
196,395,450,465,530
94,160,196,197,706
286,448,645,778,786
25,254,392,658,773
233,286,303,778,804
303,380,497,788,805
245,448,642,658,778
115,286,362,658,778
130,448,450,642,778
3,9,25,143,196
130,448,450,681,785
448,642,645,658,681
488,530,642,645,778
282,473,479,701,785
197,310,645,681,788
248,373,591,788,797
212,448,464,488,778
286,376,645,778,785
450,591,642,658,778
94,450,658,786,798
450,658,778,786,798
286,450,601,642,658
91,130,233,445,798
405,411,419,745,773
233,376,450,635,795
196,212,645,785,788
428,645,752,786,804
171,450,598,635,681
376,450,658,797,804
91,212,618,658,786
233,450,598,635,778
130,450,681,778,786
445,450,778,786,797
25,80,485,630,795
373,642,681,778,786
429,450,530,778,796
91,445,786,797,804
145,642,645,681,778
376,642,658,681,788
233,609,681,787,804
196,462,645,788,798
45,131,196,405,472
89,264,286,473,681
94,130,233,645,786
130,286,479,778,786
282,612,645,785,795
38,324,467,555,609
308,752,778,786,804
645,681,778,785,786
214,488,730,787,805
149,373,381,445,804
89,109,479,660,693
445,482,497,681,778
244,257,479,654,655
448,473,642,778,788
376,450,598,730,778
51,133,326,725,799
303,380,445,778,788
233,445,645,796,804
303,642,658,681,778
105,282,497,642,658
195,232,373,778,785
395,479,645,778,795
233,448,681,748,787
362,448,450,468,573
445,479,530,658,778
38,59,78,126,136
196,227,235,596,778
130,257,497,730,778
143,149,254,350,658
197,324,470,530,785
286,303,380,474,788
233,373,681,730,778
233,286,303,545,778
38,448,642,778,795
130,480,598,645,793
149,184,212,381,642
233,303,330,549,730
373,450,658,785,797
145,260,279,598,778
381,479,658,681,785
212,303,537,711,786
450,530,645,788,797
461,479,658,748,778
145,212,233,645,804
184,233,303,645,778
227,472,748,785,804
445,448,530,645,786
208,373,473,794,804
130,681,778,785,794
130,450,474,681,748
303,591,645,658,778
645,658,778,785,786
130,286,450,642,797
373,450,681,785,797
257,625,642,645,681
110,149,306,350,466
233,376,472,642,681
233,303,645,778,785
3,233,645,681,788
15,537,642,785,797
282,303,473,778,785
306,450,642,658,786
260,279,598,786,804
233,350,560,681,787
82,110,245,645,658
450,497,530,796,804
248,594,618,724,797
245,376,450,778,785
212,381,450,681,786
184,448,645,778,797
94,645,786,788,797
145,612,707,778,788
212,497,645,658,785
3,395,645,778,785
205,642,658,778,786
376,645,658,785,798
9,106,571,724,745
113,382,630,645,778
212,227,407,479,621
376,598,635,752,786
65,149,376,786,796
145,319,376,473,793
376,598,642,645,788
642,711,752,786,797
423,473,681,730,797
260,286,379,510,796
248,681,785,788,804
306,526,642,658,778
260,497,530,642,681
395,448,450,642,778
36,373,472,545,797
243,254,658,778,804
130,233,445,488,778
473,480,549,681,763
306,442,485,642,730
80,445,598,778,785
304,362,373,778,798
195,448,573,645,752
233,286,303,681,730
450,635,748,778,787
233,450,485,778,786
25,34,91,143,145
25,373,685,785,804
248,376,530,645,785
244,382,383,638,695
38,134,448,471,778
593,635,638,642,778
130,286,645,786,804
233,450,497,788,797
260,645,658,785,797
376,645,658,681,785
94,233,645,658,786
212,381,645,785,788
445,448,598,778,786
105,131,196,601,738
131,448,466,784,786
479,645,681,778,786
373,497,658,786,797
51,121,130,778,798
149,257,497,645,785
286,645,658,778,786
80,460,464,681,785
286,376,637,778,795
134,149,181,212,376
195,212,479,635,788
7,25,645,778,785
9,103,143,373,553
260,279,598,778,785
248,488,591,642,788
286,448,450,642,786
233,376,472,787,788
130,450,635,778,786
196,286,350,470,786
91,149,197,448,635
80,143,149,450,530
197,473,479,681,778
214,257,488,745,778
376,472,730,786,795
383,429,620,625,655
245,448,645,681,785
130,233,380,645,778
115,479,652,681,778
130,208,286,362,804
91,101,638,645,658
373,497,681,778,788
373,681,745,788,796
448,497,645,658,681
241,260,477,638,794
68,76,82,127,149
213,286,645,778,788
143,448,530,658,778
334,450,497,681,788
450,530,642,658,778
243,395,645,793,798
3,9,681,697,806
376,645,785,788,797
91,282,591,681,778
286,448,450,786,788
303,474,645,778,788
428,450,642,681,788
429,642,645,788,797
130,145,306,450,778
373,482,786,788,797
645,658,778,793,797
450,488,658,681,778
3,9,26,57,112
91,282,352,645,681
38,642,773,786,804
38,130,642,778,798
350,373,598,681,750
145,233,286,645,658
245,450,485,748,787
213,303,479,645,785
282,286,301,359,421
376,423,730,785,797
376,445,752,778,786
248,497,642,788,797
214,445,641,666,681
450,598,637,786,804
286,530,658,778,785
99,122,232,596,630
91,376,450,785,786
376,381,479,497,658
448,658,660,778,785
233,488,645,778,785
184,254,473,681,785
450,598,730,778,785
233,286,778,788,797
130,212,645,785,793
248,462,497,645,788
149,184,286,448,778
286,306,658,681,786
243,534,625,645,748
130,145,381,462,730
89,260,380,598,785
145,242,645,748,787
145,197,642,798,804
245,598,778,786,795
212,260,381,645,785
91,94,645,778,786
658,750,773,778,786
182,219,260,547,785
286,376,474,743,784
143,303,637,658,778
184,376,635,645,785
94,233,645,658,785
208,282,354,428,804
233,376,645,730,785
149,445,612,788,797
91,212,398,497,778
145,359,475,598,788
286,376,730,778,786
115,778,786,795,797
142,479,563,635,700
286,376,445,642,778
135,184,303,380,798
38,245,448,488,645
94,184,488,786,795
145,473,488,637,798
91,448,450,488,785
468,473,658,778,795
89,186,260,645,658
3,243,645,658,797
448,642,645,681,730
286,450,642,658,778
26,89,230,248,785
94,598,645,778,785
448,642,645,658,778
248,497,530,788,797
376,645,658,778,786
94,245,450,642,778
448,645,778,785,786
184,450,635,681,785
430,448,450,641,778
91,379,381,488,642
245,445,530,635,681
245,381,450,598,785
373,473,748,785,797
376,445,448,681,778
286,448,479,645,797
130,409,598,625,804
233,450,530,642,658
160,189,713,777,786
373,450,530,658,778
445,485,488,658,795
38,94,233,474,760
376,450,635,778,786
38,59,105,479,776
428,450,635,681,788
245,376,645,681,785
89,130,473,666,788
91,303,642,778,786
362,376,450,658,778
233,376,450,642,666
94,448,645,785,788
233,245,376,474,645
127,380,681,796,804
663,724,785,786,788
18,31,212,497,658
480,534,642,658,681
286,303,635,658,681
42,635,730,785,793
26,743,768,785,797
233,642,730,778,804
130,233,450,547,681
38,373,473,530,788
407,645,785,788,797
376,645,785,788,804
448,598,658,785,786
286,373,658,778,785
184,482,598,642,645
303,350,778,785,795
376,635,645,658,785
160,324,497,695,758
282,373,448,658,730
473,479,598,645,788
376,635,645,786,788
91,448,553,701,785
245,445,778,786,797
530,591,748,778,785
450,497,681,795,797
245,376,645,785,786
130,286,450,785,786
448,497,645,778,786
233,303,373,395,787
445,598,658,778,785
131,149,448,473,642
473,645,658,778,785
130,450,642,785,786
472,485,778,786,797
233,448,658,681,804
303,488,642,658,778
376,645,748,778,785
479,645,658,681,786
65,450,658,786,797
233,497,658,778,804
91,450,547,778,786
184,381,545,785,797
450,778,786,795,798
94,130,212,763,785
184,233,645,785,797
233,286,303,445,778
130,450,681,785,795
130,144,384,641,645
286,303,488,658,778
381,448,645,778,785
197,310,645,786,788
373,450,658,786,804
73,373,645,778,797
91,257,598,778,793
264,303,445,488,785
233,260,479,785,798
233,319,778,785,797
149,282,338,486,618
644,645,658,778,800
130,196,479,681,795
260,479,786,788,798
472,635,748,785,797
448,530,549,786,788
233,245,598,778,786
445,598,642,658,778
3,257,260,658,730
94,113,778,788,797
448,530,642,658,778
130,376,660,778,785
3,89,176,482,573
376,497,645,785,788
450,488,642,748,787
428,530,534,658,794
445,450,598,658,786
55,279,473,598,642
25,145,282,598,773
145,248,598,645,788
94,115,130,149,795
658,663,681,701,706
282,423,573,680,774
645,730,778,785,804
354,474,488,681,795
26,149,468,652,693
94,184,233,485,778
3,260,497,658,727
233,373,473,625,681
373,473,748,787,797
233,450,730,763,797
38,94,184,645,797
184,376,645,785,804
450,530,778,785,797
38,373,479,497,778
130,286,778,786,788
376,479,645,778,793
727,758,773,785,796
184,233,376,488,785
645,658,778,785,798
149,479,547,793,797
184,445,448,778,785
448,645,658,778,785
233,445,730,785,797
286,376,450,658,778
145,233,362,445,778
91,130,450,786,797
233,428,681,778,788
3,645,660,730,778
143,257,497,658,778
373,473,681,785,788
260,448,479,497,778
59,324,392,637,663
189,257,395,778,786
381,441,645,778,804
248,381,642,788,798
245,286,448,658,778
373,450,778,785,795
91,184,642,778,784
130,645,778,785,804
149,197,376,480,786
362,468,642,658,804
233,286,319,642,788
91,115,184,257,784
233,254,609,635,797
376,642,645,658,786
143,248,445,788,797
36,73,105,135,461
3,184,642,778,797
91,286,445,658,786
2,25,39,448,658
130,450,681,778,798
130,160,306,376,637
242,286,479,609,778
473,658,764,785,797
132,660,681,785,797
233,286,376,450,786
26,132,212,700,778
26,245,598,645,785
245,448,645,778,785
376,445,645,778,786
25,373,727,745,778
94,376,658,778,785
227,461,497,666,700
103,149,445,780,804
124,376,445,571,804
380,645,778,785,788
376,445,752,778,796
448,642,645,681,788
448,642,645,681,778
233,461,778,786,798
94,286,450,778,786
376,591,645,785,786
36,94,130,642,798
130,645,785,788,795
645,658,785,788,795
212,642,645,658,681
89,196,474,645,788
184,312,598,645,785
376,485,681,787,788
94,381,450,752,778
184,286,450,778,786
184,448,479,591,778
471,645,658,778,797
645,752,786,797,804
184,448,450,479,778
94,130,450,598,778
257,373,591,625,658
94,286,645,681,788
257,591,625,658,785
245,306,479,785,786
149,485,645,788,797
31,245,778,787,804
182,303,445,469,658
381,448,645,658,798
26,130,233,645,785
248,286,645,778,788
149,286,376,681,752
319,472,658,778,796
485,645,658,778,786
248,445,681,748,787
133,326,430,471,726
130,286,635,738,778
286,376,642,778,806
233,376,786,798,804
227,286,303,658,778
212,282,350,530,642
151,382,383,384,494
484,521,642,785,800
448,598,645,778,785
134,248,462,645,787
286,350,450,785,795
184,197,380,429,462
373,549,571,778,797
245,282,286,658,681
530,549,571,778,786
233,286,645,658,778
3,91,160,383,479
474,658,785,786,798
319,547,658,785,786
303,381,645,658,748
319,479,658,785,786
130,233,248,591,681
36,76,103,134,135
286,428,645,785,797
233,645,681,778,787
428,450,479,681,778
94,233,635,645,681
130,448,450,485,785
350,448,450,497,778
134,233,468,645,778
445,479,488,658,785
184,380,587,715,786
38,303,645,778,785
36,474,593,687,758
3,257,395,497,658
264,376,450,479,784
91,130,778,786,797
25,253,373,484,800
286,448,450,642,681
286,376,450,642,658
376,642,645,658,681
277,445,530,778,785
3,184,658,797,804
248,376,461,625,745
115,450,778,786,797
38,448,658,681,785
130,479,598,645,788
135,260,445,764,798
184,233,645,681,785
25,448,571,658,778
130,637,645,778,786
149,448,658,797,804
376,598,681,778,785
450,658,681,778,785
94,450,642,658,778
38,184,243,373,598
213,468,472,479,534
376,635,730,788,798
182,195,534,578,707
448,450,635,778,788
473,598,642,748,778
208,312,645,778,796
91,115,681,778,786
31,598,641,693,786
450,474,681,785,798
28,38,89,445,547
94,450,642,658,788
91,94,645,681,788
91,145,171,485,547
376,485,488,787,795
448,473,666,730,797
233,473,479,788,797
38,184,233,380,635
3,485,645,658,778
113,196,485,645,768
38,160,197,681,745
94,132,497,717,778
94,143,645,658,798
376,381,645,785,788
376,642,645,778,786
